2
 0 2 27.2715 2 0 112952 20925.9 0
 10 0.1 20000 0
  1
 8 0 0 0 0 0 0
 0 0.02 27.2715197541149 27.4517684754387 9.95507475305363 9.55309839375398 2.89479216229021 756.767097644095 756.767097644095 3.52756266821488 4.82347190375178 -2.2735991961521 -5.03508056322736 0.0971404260657614 0 0 11.2306512268124
  1
 3 0 0 0 7 0 0
 1 0.02 27.2715197531149 27.2715197531149 0.1 0.1 0 0.13459675045674 0.13459675045674 3.44202811234999 -3.01852165336892 -3.70824696869191 16.0045511021142 9.27992048217401 0 0 0
2
 0 8 27.2715 8 1 1 0 0
 10 0.1 20000 0
  1
 18 0 0 0 0 5 0
 0 0.02 27.2715197541149 0 9.95507475305363 1.25072398252103 1.25072398252103 2.0163011248013e-05 2.0163011248013e-05 6.91512639279276 3.22491310333479 -18.1086180096476 14.7963352513106 725.63394693958 12 0.1 2.0163011248013e-05
  1
 3 0 0 0 7 5 0
 1 0.02 27.2715197531149 27.2715197531149 0.1 0.1 0 0.13459675045674 0.13459675045674 3.44202811234999 -3.01852165336892 -3.70824696869191 16.0045511021142 9.27992048217401 0 0 0
2
 0 8 27.2715 8 1 1 0 0
 10 0.1 20000 0
  1
 18 0 0 0 0 5 0
 0 0.02 27.2715197541149 0 9.95507475305363 1.25072398252103 1.25072398252103 2.0163011248013e-05 2.0163011248013e-05 6.91512639279276 3.22491310333479 -18.1086180096476 14.7963352513106 725.63394693958 12 0.1 2.0163011248013e-05
  1
 3 0 0 0 0 5 0
 1 0.02 27.2715197531149 27.2715197531149 0.1 0.1 0 0.13459675045674 0.13459675045674 3.44202811234999 -3.01852165336892 -3.70824696869191 16.0045511021142 9.27992048217401 0 0 0
1
 12 0 0 0 0 0 6
 0 0.02 1495.92586845951 0 1.99996761115524 0.629662846303521 0.629662846303521 0.0161101146108944 0.0161101146108944 5.05814149593944 1.60205999132796 -6.50364269004485 7.24849271172494 0 0 0 0.0161101146108944
1
 12 0 0 0 0 0 6
 0 0.02 1495.92586845951 0 1.99996761115524 0.629662846303521 0.629662846303521 0.0161101146108944 0.0161101146108944 5.05814149593944 1.60205999132796 -6.50364269004485 7.24849271172494 0 0 0 0.0161101146108944
1
 12 0 0 0 0 0 6
 0 0.02 476.615593413264 0 2.99983159510892 0.673858669587584 0.673858669587584 0.0147842399123725 0.0147842399123725 5.07679131024782 1.60205999132796 -6.62004253155611 7.3648925532362 0 0 0 0.0147842399123725
1
 12 0 0 0 0 0 6
 0 0.02 476.615593413264 0 2.99983159510892 0.673858669587584 0.673858669587584 0.0147842399123725 0.0147842399123725 5.07679131024782 1.60205999132796 -6.62004253155611 7.3648925532362 0 0 0 0.0147842399123725
1
 12 0 0 0 0 0 6
 0 0.02 476.615593413264 0 2.99983159510892 0.673858669587584 0.673858669587584 0.0147842399123725 0.0147842399123725 5.07679131024782 1.60205999132796 -6.62004253155611 7.3648925532362 0 0 0 0.0147842399123725
1
 12 0 0 0 0 0 6
 0 0.02 476.615593413264 0 2.99983159510892 0.673858669587584 0.673858669587584 0.0147842399123725 0.0147842399123725 5.07679131024782 1.60205999132796 -6.62004253155611 7.3648925532362 0 0 0 0.0147842399123725
2
 0 2 477.72 2 0 2.47645e+09 7.29311e+06 0
 3 0.1 2e+06 0
  1
 12 0 0 0 0 0 0
 0 0.02 477.720426520816 0 2.99983159510892 0.750117634327006 0.750117634327006 0.0124964709701898 0.0124964709701898 5.11329711866621 1.60205999132796 -6.84794855027632 7.59279857195642 0.0175339532373345 0 0 0.0124964709701898
  1
 3 0 0 0 0 0 0
 1 0.02 477.640019201073 477.640019201073 0.1 0.1 0 0.130459302375703 0.130459302375703 3.44881233754268 -3.01850379880089 -3.60954624209663 15.9058057390989 0.131525275238713 0 0 0
2
 0 2 477.72 2 0 2.47645e+09 7.29311e+06 0
 3 0.1 2e+06 0
  1
 12 0 0 0 0 0 0
 0 0.02 477.720426520816 0 2.99983159510892 0.750117634327006 0.750117634327006 0.0124964709701898 0.0124964709701898 5.11329711866621 1.60205999132796 -6.84794855027632 7.59279857195642 0.0175339532373345 0 0 0.0124964709701898
  1
 3 0 0 0 0 0 0
 1 0.02 477.640019201073 477.640019201073 0.1 0.1 0 0.130459302375703 0.130459302375703 3.44881233754268 -3.01850379880089 -3.60954624209663 15.9058057390989 0.131525275238713 0 0 0
2
 0 2 477.72 2 0 2.47645e+09 7.29311e+06 0
 3 0.1 2e+06 0
  1
 12 0 0 0 0 0 0
 0 0.02 477.720426520816 0 2.99983159510892 0.750117634327006 0.750117634327006 0.0124964709701898 0.0124964709701898 5.11329711866621 1.60205999132796 -6.84794855027632 7.59279857195642 0.0175339532373345 0 0 0.0124964709701898
  1
 3 0 0 0 0 0 0
 1 0.02 477.640019201073 477.640019201073 0.1 0.1 0 0.130459302375703 0.130459302375703 3.44881233754268 -3.01850379880089 -3.60954624209663 15.9058057390989 0.131525275238713 0 0 0
2
 0 2 477.72 2 0 2.47645e+09 7.29311e+06 0
 3 0.1 2e+06 0
  1
 12 0 0 0 0 0 0
 0 0.02 477.720426520816 0 2.99983159510892 0.750117634327006 0.750117634327006 0.0124964709701898 0.0124964709701898 5.11329711866621 1.60205999132796 -6.84794855027632 7.59279857195642 0.0175339532373345 0 0 0.0124964709701898
  1
 3 0 0 0 0 0 0
 1 0.02 477.640019201073 477.640019201073 0.1 0.1 0 0.130459302375703 0.130459302375703 3.44881233754268 -3.01850379880089 -3.60954624209663 15.9058057390989 0.131525275238713 0 0 0
2
 0 2 477.72 2 0 2.47645e+09 7.29311e+06 0
 3 0.1 2e+06 0
  1
 12 0 0 0 0 0 0
 0 0.02 477.720426520816 0 2.99983159510892 0.750117634327006 0.750117634327006 0.0124964709701898 0.0124964709701898 5.11329711866621 1.60205999132796 -6.84794855027632 7.59279857195642 0.0175339532373345 0 0 0.0124964709701898
  1
 3 0 0 0 0 0 0
 1 0.02 477.640019201073 477.640019201073 0.1 0.1 0 0.130459302375703 0.130459302375703 3.44881233754268 -3.01850379880089 -3.60954624209663 15.9058057390989 0.131525275238713 0 0 0
2
 0 2 477.72 2 0 4.84727e+08 3.63621e+06 0
 3 2 2e+06 0
  1
 3 0 0 0 0 0 0
 1 0.02 477.720426520816 477.720426520816 2 2 0 1.97946113921812 1.97946113921812 3.93465654868181 1.28701690230927 -0.0644470235303101 1.59690476775714 0.10356310528612 0 0 0
  1
 12 0 0 0 0 0 0
 0 0.02 477.720426520816 0 2.99983159510892 0.750117634327006 0.750117634327006 0.0124964709701898 0.0124964709701898 5.11329711866621 1.60205999132796 -6.84794855027632 7.59279857195642 0.276124971706653 0 0 0.0124964709701898
2
 0 2 1495.93 2 0 1.92546e+09 7.24715e+06 0
 3 2 2e+06 0
  1
 12 0 0 0 0 0 0
 0 0.02 1495.91526348088 1018.19483696006 2.99983159510892 0.750117634327006 0.750117634327006 0.0106174612240362 0.0106174612240362 3.9374246596914 -3.24296324669442 -0.0684321731246747 12.9258402898607 0.104399913901301 0 0 0.0106174612240362
  1
 12 0 0 0 0 0 0
 1 0.02 1495.92693598129 0 1.9998934286477 0.629734454609614 0.629734454609614 0.0161079663617116 0.0161079663617116 5.05817045398843 1.60205999132796 -6.50382340836157 7.24867343004166 0.103563105277603 0 0 0.0161079663617116
2
 0 2 1495.93 2 0 1.87389e+09 5.75552e+06 0
 2 0.1 2e+06 0
  1
 12 0 0 0 0 0 0
 0 0.02 1495.92693598129 0 1.9998934286477 0.629734454609614 0.629734454609614 0.0161079663617116 0.0161079663617116 5.05817045398843 1.60205999132796 -6.50382340836157 7.24867343004166 0.0213035040712622 0 0 0.0161079663617116
  1
 3 0 0 0 0 0 0
 1 0.02 1495.91526348088 1495.91526348088 0.1 0.1 0 0.13046635549858 0.13046635549858 3.44881067860229 -3.01846347663015 -3.60957077577701 15.9057294673524 0.161092564507247 0 0 0
2
 0 2 55.9224 2 0 3.64458e+09 1.08495e+07 0
 7 0.01 2e+06 0
  1
 14 0 0 0 0 0 0
 0 0.02 55.9223944867123 0 6.99581202909536 1.28222163904913 1.28222163904913 0.00352225440481571 0.00352225440481571 5.38828045053021 1.60205999132796 -8.56591664051462 9.31076666219471 0.00116600840746401 0 0 0.00352225440481571
  1
 1 0 0 0 0 0 0
 1 0.02 55.9158351047869 55.9158351047869 0.01 0.01 0.0001 0.111898872093506 0.111898872093506 3.09186485322064 -4.57959242175134 -4.28882359001595 20.4878046443943 0.162856401304691 0 0 0.111898872093506
2
 0 2 55.9224 2 0 3.64458e+09 1.08495e+07 0
 7 0.01 2e+06 0
  1
 14 0 0 0 0 0 0
 0 0.02 55.9223944867123 0 6.99581202909536 1.28222163904913 1.28222163904913 0.00352225440481571 0.00352225440481571 5.38828045053021 1.60205999132796 -8.56591664051462 9.31076666219471 0.00116600840746401 0 0 0.00352225440481571
  1
 1 0 0 0 0 0 0
 1 0.02 55.9158351047869 55.9158351047869 0.01 0.01 0.0001 0.111898872093506 0.111898872093506 3.09186485322064 -4.57959242175134 -4.28882359001595 20.4878046443943 0.162856401304691 0 0 0.111898872093506
2
 0 2 14.0973 2 0 1.2365e+08 2.41741e+06 0
 15 0.01 2e+06 0
  1
 8 0 0 0 0 0 0
 0 0.02 14.09727688363 14.2161019302788 14.8865912694915 12.4082593771974 4.89127468665065 1307.96658422963 1307.96658422963 3.51118721008727 5.23323888538145 -2.62389757879192 -5.70919963466171 0.000796838565123105 0 0 2.01731096715369
  1
 1 0 0 0 7 0 0
 1 0.02 14.09727688263 14.09727688263 0.01 0.01 0.0001 0.111898872093506 0.111898872093506 3.28634471858671 -3.80167296028702 -4.27530162056328 18.5294840212808 0.988737959780104 0 0 0.111898872093506
2
 0 8 14.0973 8 1 1 0 0
 15 0.01 2e+06 0
  1
 18 0 0 0 0 5 0
 0 0.02 14.09727688363 0 14.8865912694915 1.60475864095919 1.60475864095919 1.85554992528066e-05 1.85554992528066e-05 6.91211949708791 3.14072002359923 -18.0898249115021 14.9880248525041 657.520965435232 12 0.1 1.85554992528066e-05
  1
 1 0 0 0 7 5 0
 1 0.02 14.09727688263 14.09727688263 0.01 0.01 0.0001 0.111898872093506 0.111898872093506 3.28634471858671 -3.80167296028702 -4.27530162056328 18.5294840212808 0.988737959780104 0 0 0.111898872093506
2
 0 8 14.0973 8 1 1 0 0
 15 0.01 2e+06 0
  1
 18 0 0 0 0 5 0
 0 0.02 14.09727688363 0 14.8865912694915 1.60475864095919 1.60475864095919 1.85554992528066e-05 1.85554992528066e-05 6.91211949708791 3.14072002359923 -18.0898249115021 14.9880248525041 657.520965435232 12 0.1 1.85554992528066e-05
  1
 1 0 0 0 0 5 0
 1 0.02 14.09727688263 14.09727688263 0.01 0.01 0.0001 0.111898872093506 0.111898872093506 3.28634471858671 -3.80167296028702 -4.27530162056328 18.5294840212808 0.988737959780104 0 0 0.111898872093506
2
 0 2 14.0973 2 0 1.2365e+08 2.41741e+06 0
 15 0.01 2e+06 0
  1
 8 0 0 0 0 0 0
 0 0.02 14.09727688363 14.2161019302788 14.8865912694915 12.4082593771974 4.89127468665065 1307.96658422963 1307.96658422963 3.51118721008727 5.23323888538145 -2.62389757879192 -5.70919963466171 0.000796838565123105 0 0 2.01731096715369
  1
 1 0 0 0 7 0 0
 1 0.02 14.09727688263 14.09727688263 0.01 0.01 0.0001 0.111898872093506 0.111898872093506 3.28634471858671 -3.80167296028702 -4.27530162056328 18.5294840212808 0.988737959780104 0 0 0.111898872093506
2
 0 8 14.0973 8 1 1 0 0
 15 0.01 2e+06 0
  1
 18 0 0 0 0 5 0
 0 0.02 14.09727688363 0 14.8865912694915 1.60475864095919 1.60475864095919 1.85554992528066e-05 1.85554992528066e-05 6.91211949708791 3.14072002359923 -18.0898249115021 14.9880248525041 156.842941493567 12 0.1 1.85554992528066e-05
  1
 1 0 0 0 7 5 0
 1 0.02 14.09727688263 14.09727688263 0.01 0.01 0.0001 0.111898872093506 0.111898872093506 3.28634471858671 -3.80167296028702 -4.27530162056328 18.5294840212808 0.988737959780104 0 0 0.111898872093506
2
 0 8 14.0973 8 1 1 0 0
 15 0.01 2e+06 0
  1
 18 0 0 0 0 5 0
 0 0.02 14.09727688363 0 14.8865912694915 1.60475864095919 1.60475864095919 1.85554992528066e-05 1.85554992528066e-05 6.91211949708791 3.14072002359923 -18.0898249115021 14.9880248525041 156.842941493567 12 0.1 1.85554992528066e-05
  1
 1 0 0 0 0 5 0
 1 0.02 14.09727688263 14.09727688263 0.01 0.01 0.0001 0.111898872093506 0.111898872093506 3.28634471858671 -3.80167296028702 -4.27530162056328 18.5294840212808 0.988737959780104 0 0 0.111898872093506
2
 0 2 14.0973 2 0 1.2365e+08 2.41741e+06 0
 15 0.01 2e+06 0
  1
 8 0 0 0 0 0 0
 0 0.02 14.09727688363 14.2161019302788 14.8865912694915 12.4082593771974 4.89127468665065 1307.96658422963 1307.96658422963 3.51118721008727 5.23323888538145 -2.62389757879192 -5.70919963466171 0.000796838565123105 0 0 2.01731096715369
  1
 1 0 0 0 7 0 0
 1 0.02 14.09727688263 14.09727688263 0.01 0.01 0.0001 0.111898872093506 0.111898872093506 3.28634471858671 -3.80167296028702 -4.27530162056328 18.5294840212808 0.988737959780104 0 0 0.111898872093506
2
 0 8 14.0973 8 1 1 0 0
 15 0.01 2e+06 0
  1
 18 0 0 0 0 5 0
 0 0.02 14.09727688363 0 14.8865912694915 1.60475864095919 1.60475864095919 1.85554992528066e-05 1.85554992528066e-05 6.91211949708791 3.14072002359923 -18.0898249115021 14.9880248525041 197.994493233997 12 0.1 1.85554992528066e-05
  1
 1 0 0 0 7 5 0
 1 0.02 14.09727688263 14.09727688263 0.01 0.01 0.0001 0.111898872093506 0.111898872093506 3.28634471858671 -3.80167296028702 -4.27530162056328 18.5294840212808 0.988737959780104 0 0 0.111898872093506
2
 0 8 14.0973 8 1 1 0 0
 15 0.01 2e+06 0
  1
 18 0 0 0 0 5 0
 0 0.02 14.09727688363 0 14.8865912694915 1.60475864095919 1.60475864095919 1.85554992528066e-05 1.85554992528066e-05 6.91211949708791 3.14072002359923 -18.0898249115021 14.9880248525041 197.994493233997 12 0.1 1.85554992528066e-05
  1
 1 0 0 0 0 5 0
 1 0.02 14.09727688263 14.09727688263 0.01 0.01 0.0001 0.111898872093506 0.111898872093506 3.28634471858671 -3.80167296028702 -4.27530162056328 18.5294840212808 0.988737959780104 0 0 0.111898872093506
2
 0 2 14.0973 2 0 1.2365e+08 2.41741e+06 0
 15 0.01 2e+06 0
  1
 8 0 0 0 0 0 0
 0 0.02 14.09727688363 14.2161019302788 14.8865912694915 12.4082593771974 4.89127468665065 1307.96658422963 1307.96658422963 3.51118721008727 5.23323888538145 -2.62389757879192 -5.70919963466171 0.000796838565123105 0 0 2.01731096715369
  1
 1 0 0 0 7 0 0
 1 0.02 14.09727688263 14.09727688263 0.01 0.01 0.0001 0.111898872093506 0.111898872093506 3.28634471858671 -3.80167296028702 -4.27530162056328 18.5294840212808 0.988737959780104 0 0 0.111898872093506
2
 0 8 14.0973 8 1 1 0 0
 15 0.01 2e+06 0
  1
 18 0 0 0 0 5 0
 0 0.02 14.09727688363 0 14.8865912694915 1.60475864095919 1.60475864095919 1.85554992528066e-05 1.85554992528066e-05 6.91211949708791 3.14072002359923 -18.0898249115021 14.9880248525041 64.1703753091068 12 0.1 1.85554992528066e-05
  1
 1 0 0 0 7 5 0
 1 0.02 14.09727688263 14.09727688263 0.01 0.01 0.0001 0.111898872093506 0.111898872093506 3.28634471858671 -3.80167296028702 -4.27530162056328 18.5294840212808 0.988737959780104 0 0 0.111898872093506
2
 0 8 14.0973 8 1 1 0 0
 15 0.01 2e+06 0
  1
 18 0 0 0 0 5 0
 0 0.02 14.09727688363 0 14.8865912694915 1.60475864095919 1.60475864095919 1.85554992528066e-05 1.85554992528066e-05 6.91211949708791 3.14072002359923 -18.0898249115021 14.9880248525041 64.1703753091068 12 0.1 1.85554992528066e-05
  1
 1 0 0 0 0 5 0
 1 0.02 14.09727688263 14.09727688263 0.01 0.01 0.0001 0.111898872093506 0.111898872093506 3.28634471858671 -3.80167296028702 -4.27530162056328 18.5294840212808 0.988737959780104 0 0 0.111898872093506
2
 0 2 12462.2 2 0 3.81774e+07 384717 0
 1 0.01 200000 0
  1
 12 0 0 0 0 0 0
 0 0.02 12462.2157927544 0 0.999541311149972 0.515061271045504 0.515061271045504 0.0225210173820422 0.0225210173820422 4.9853968080973 1.60205999132796 -6.04990001879252 6.79475004047261 0.00971404260657613 0 0 0.0225210173820422
  1
 1 0 0 0 0 0 0
 1 0.02 12462.1869557652 12462.1869557652 0.01 0.01 0.0001 0.111898872093506 0.111898872093506 2.32874553304311 -7.63206970246144 -4.2889231653883 28.1190974215419 0.500332713211161 0 0 0.111898872093506
2
 0 2 1495.93 2 0 7.22003e+07 628386 0
 2 0.01 200000 0
  1
 12 0 0 0 0 0 0
 0 0.02 1495.92693598129 0 1.9998934286477 0.629734454609614 0.629734454609614 0.0161079663617116 0.0161079663617116 5.05817045398843 1.60205999132796 -6.50382340836157 7.24867343004166 0.00688593093024605 0 0 0.0161079663617116
  1
 1 0 0 0 0 0 0
 1 0.02 1495.91526348088 1495.91526348088 0.01 0.01 0.0001 0.111898872093506 0.111898872093506 2.62796889536626 -6.43517625316886 -4.28892316460259 25.1268637975247 0.520699444026903 0 0 0.111898872093506
2
 0 2 3099.35 2 0 5.67884e+07 518838 0
 1.5 0.01 200000 0
  1
 12 0 0 0 0 0 0
 0 0.02 3099.35016804661 0 1.49976609621772 0.572069939700997 0.572069939700997 0.0188154539194352 0.0188154539194352 5.02443346095853 1.60205999132796 -6.29332643480364 7.03817645648373 0.00794460331635916 0 0 0.0188154539194352
  1
 1 0 0 0 0 0 0
 1 0.02 3099.32744811944 3099.32744811944 0.01 0.01 0.0001 0.111898872093506 0.111898872093506 2.52515174295365 -6.84644486281929 -4.28892316533056 26.1550353223788 0.469976505804437 0 0 0.111898872093506
2
 0 2 3099.35 2 0 5.67884e+07 518838 0
 1.5 0.01 200000 0
  1
 12 0 0 0 0 0 0
 0 0.02 3099.35016804661 0 1.49976609621772 0.572069939700997 0.572069939700997 0.0188154539194352 0.0188154539194352 5.02443346095853 1.60205999132796 -6.29332643480364 7.03817645648373 0.00794460331635916 0 0 0.0188154539194352
  1
 1 0 0 0 0 0 0
 1 0.02 3099.32744811944 3099.32744811944 0.01 0.01 0.0001 0.111898872093506 0.111898872093506 2.52515174295365 -6.84644486281929 -4.28892316533056 26.1550353223788 0.469976505804437 0 0 0.111898872093506
2
 0 2 3099.35 2 0 5.67884e+07 518838 0
 1.5 0.01 200000 0
  1
 12 0 0 0 0 0 0
 0 0.02 3099.35016804661 0 1.49976609621772 0.572069939700997 0.572069939700997 0.0188154539194352 0.0188154539194352 5.02443346095853 1.60205999132796 -6.29332643480364 7.03817645648373 0.00794460331635916 0 0 0.0188154539194352
  1
 1 0 0 0 0 0 0
 1 0.02 3099.32744811944 3099.32744811944 0.01 0.01 0.0001 0.111898872093506 0.111898872093506 2.52515174295365 -6.84644486281929 -4.28892316533056 26.1550353223788 0.469976505804437 0 0 0.111898872093506
2
 0 2 3099.35 2 0 5.67884e+07 518838 0
 1.5 0.01 200000 0
  1
 12 0 0 0 0 0 0
 0 0.02 3099.35016804661 0 1.49976609621772 0.572069939700997 0.572069939700997 0.0188154539194352 0.0188154539194352 5.02443346095853 1.60205999132796 -6.29332643480364 7.03817645648373 0.00794460331635916 0 0 0.0188154539194352
  1
 1 0 0 0 0 0 0
 1 0.02 3099.32744811944 3099.32744811944 0.01 0.01 0.0001 0.111898872093506 0.111898872093506 2.52515174295365 -6.84644486281929 -4.28892316533056 26.1550353223788 0.469976505804437 0 0 0.111898872093506
2
 0 2 3099.35 2 0 5.67884e+07 518838 0
 1.5 0.01 200000 0
  1
 12 0 0 0 0 0 0
 0 0.02 3099.35016804661 0 1.49976609621772 0.572069939700997 0.572069939700997 0.0188154539194352 0.0188154539194352 5.02443346095853 1.60205999132796 -6.29332643480364 7.03817645648373 0.00794460331635916 0 0 0.0188154539194352
  1
 1 0 0 0 0 0 0
 1 0.02 3099.32744811944 3099.32744811944 0.01 0.01 0.0001 0.111898872093506 0.111898872093506 2.52515174295365 -6.84644486281929 -4.28892316533056 26.1550353223788 0.469976505804437 0 0 0.111898872093506
2
 0 2 3099.35 2 0 5.67884e+07 518838 0
 1.5 0.01 200000 0
  1
 12 0 0 0 0 0 0
 0 0.02 3099.35016804661 0 1.49976609621772 0.572069939700997 0.572069939700997 0.0188154539194352 0.0188154539194352 5.02443346095853 1.60205999132796 -6.29332643480364 7.03817645648373 0.00794460331635916 0 0 0.0188154539194352
  1
 1 0 0 0 0 0 0
 1 0.02 3099.32744811944 3099.32744811944 0.01 0.01 0.0001 0.111898872093506 0.111898872093506 2.52515174295365 -6.84644486281929 -4.28892316533056 26.1550353223788 0.469976505804437 0 0 0.111898872093506
2
 0 2 3099.35 2 0 5.67884e+07 518838 0
 1.5 0.01 200000 0
  1
 12 0 0 0 0 0 0
 0 0.02 3099.35016804661 0 1.49976609621772 0.572069939700997 0.572069939700997 0.0188154539194352 0.0188154539194352 5.02443346095853 1.60205999132796 -6.29332643480364 7.03817645648373 0.00794460331635916 0 0 0.0188154539194352
  1
 1 0 0 0 0 0 0
 1 0.02 3099.32744811944 3099.32744811944 0.01 0.01 0.0001 0.111898872093506 0.111898872093506 2.52515174295365 -6.84644486281929 -4.28892316533056 26.1550353223788 0.469976505804437 0 0 0.111898872093506
2
 0 2 7.51454 2 0 5.62437e+06 331034 0
 25.5 0.01 200000 0
  1
 8 0 0 0 0 0 0
 0 0.02 7.51454280360243 7.57949169139305 25.0828723912328 15.4023252201742 9.65833116814854 1869.48387989685 1869.48387989685 3.50922918823262 5.53565694968973 -2.66445818712307 -6.42468418710126 0.00193288253349203 0 0 1.19292769314511
  1
 1 0 0 0 7 0 0
 1 0.02 7.51454280260243 7.51454280260243 0.01 0.01 0.0001 0.111898872093506 0.111898872093506 3.37514533543376 -3.44647049289882 -4.16637095256832 17.5325471848154 2.97708853932406 0 0 0.111898872093506
2
 0 8 7.51454 8 1 1 0 0
 25.5 0.01 200000 0
  1
 19 0 0 0 0 5 0
 0 0.02 7.51454280360243 0 25.0828723912328 8.18103612277585 8.18103612277585 3.47694035217974e-05 3.47694035217974e-05 5.49057719299981 -2 -9.20522338076382 18.9552233807638 35.0730628999965 0 0 3.47694035217974e-05
  1
 1 0 0 0 7 5 0
 1 0.02 7.51454280260243 7.51454280260243 0.01 0.01 0.0001 0.111898872093506 0.111898872093506 3.37514533543376 -3.44647049289882 -4.16637095256832 17.5325471848154 2.97708853932406 0 0 0.111898872093506
2
 0 8 7.51454 8 1 1 0 0
 25.5 0.01 200000 0
  1
 19 0 0 0 0 5 0
 0 0.02 7.51454280360243 0 25.0828723912328 8.18103612277585 8.18103612277585 3.47694035217974e-05 3.47694035217974e-05 5.49057719299981 -2 -9.20522338076382 18.9552233807638 35.0730628999965 0 0 3.47694035217974e-05
  1
 1 0 0 0 0 5 0
 1 0.02 7.51454280260243 7.51454280260243 0.01 0.01 0.0001 0.111898872093506 0.111898872093506 3.37514533543376 -3.44647049289882 -4.16637095256832 17.5325471848154 2.97708853932406 0 0 0.111898872093506
2
 0 2 3099.35 2 0 5.67884e+07 518838 0
 1.5 0.01 200000 0
  1
 12 0 0 0 0 0 0
 0 0.02 3099.35016804661 0 1.49976609621772 0.572069939700997 0.572069939700997 0.0188154539194352 0.0188154539194352 5.02443346095853 1.60205999132796 -6.29332643480364 7.03817645648373 0.00794460331635916 0 0 0.0188154539194352
  1
 1 0 0 0 0 0 0
 1 0.02 3099.32744811944 3099.32744811944 0.01 0.01 0.0001 0.111898872093506 0.111898872093506 2.52515174295365 -6.84644486281929 -4.28892316533056 26.1550353223788 0.469976505804437 0 0 0.111898872093506
2
 0 2 3099.35 2 0 5.67884e+07 518838 0
 1.5 0.01 200000 0
  1
 12 0 0 0 0 0 0
 0 0.02 3099.35016804661 0 1.49976609621772 0.572069939700997 0.572069939700997 0.0188154539194352 0.0188154539194352 5.02443346095853 1.60205999132796 -6.29332643480364 7.03817645648373 0.00794460331635916 0 0 0.0188154539194352
  1
 1 0 0 0 0 0 0
 1 0.02 3099.32744811944 3099.32744811944 0.01 0.01 0.0001 0.111898872093506 0.111898872093506 2.52515174295365 -6.84644486281929 -4.28892316533056 26.1550353223788 0.469976505804437 0 0 0.111898872093506
2
 0 2 3099.35 2 0 5.67884e+07 518838 0
 1.5 0.01 200000 0
  1
 12 0 0 0 0 0 0
 0 0.02 3099.35016804661 0 1.49976609621772 0.572069939700997 0.572069939700997 0.0188154539194352 0.0188154539194352 5.02443346095853 1.60205999132796 -6.29332643480364 7.03817645648373 0.00794460331635916 0 0 0.0188154539194352
  1
 1 0 0 0 0 0 0
 1 0.02 3099.32744811944 3099.32744811944 0.01 0.01 0.0001 0.111898872093506 0.111898872093506 2.52515174295365 -6.84644486281929 -4.28892316533056 26.1550353223788 0.469976505804437 0 0 0.111898872093506
2
 0 2 3099.35 2 0 5.67884e+07 518838 0
 1.5 0.01 200000 0
  1
 12 0 0 0 0 0 0
 0 0.02 3099.35016804661 0 1.49976609621772 0.572069939700997 0.572069939700997 0.0188154539194352 0.0188154539194352 5.02443346095853 1.60205999132796 -6.29332643480364 7.03817645648373 0.00794460331635916 0 0 0.0188154539194352
  1
 1 0 0 0 0 0 0
 1 0.02 3099.32744811944 3099.32744811944 0.01 0.01 0.0001 0.111898872093506 0.111898872093506 2.52515174295365 -6.84644486281929 -4.28892316533056 26.1550353223788 0.469976505804437 0 0 0.111898872093506
2
 0 2 3099.35 2 0 5.67884e+07 518838 0
 1.5 0.01 200000 0
  1
 12 0 0 0 0 0 0
 0 0.02 3099.35016804661 0 1.49976609621772 0.572069939700997 0.572069939700997 0.0188154539194352 0.0188154539194352 5.02443346095853 1.60205999132796 -6.29332643480364 7.03817645648373 0.00794460331635916 0 0 0.0188154539194352
  1
 1 0 0 0 0 0 0
 1 0.02 3099.32744811944 3099.32744811944 0.01 0.01 0.0001 0.111898872093506 0.111898872093506 2.52515174295365 -6.84644486281929 -4.28892316533056 26.1550353223788 0.469976505804437 0 0 0.111898872093506
2
 0 2 3867.6 2 0 5.36896e+07 495915 0
 1.4 0.01 200000 0
  1
 12 0 0 0 0 0 0
 0 0.02 3867.60347398629 0 1.39969525598825 0.558645725281622 0.558645725281622 0.0196880278566946 0.0196880278566946 5.01458970339735 1.60205999132796 -6.23192688373394 6.97677690541404 0.00822150139003714 0 0 0.0196880278566946
  1
 1 0 0 0 0 0 0
 1 0.02 3867.57809363291 3867.57809363291 0.01 0.01 0.0001 0.111898872093506 0.111898872093506 2.49389596345804 -6.97146798080172 -4.28892316536236 26.4675931173667 0.60131285427951 0 0 0.111898872093506
2
 0 2 6513.84 2 0 4.69017e+07 446116 0
 1.2 0.01 200000 0
  1
 12 0 0 0 0 0 0
 0 0.02 6513.8397651706 0 1.19960004900438 0.532459361132304 0.532459361132304 0.0213901415264002 0.0213901415264002 4.99658398195742 1.60205999132796 -6.11964395443233 6.86449397611243 0.00887499272494177 0 0 0.0213901415264002
  1
 1 0 0 0 0 0 0
 1 0.02 6513.8079520262 6513.8079520262 0.01 0.01 0.0001 0.111898872093506 0.111898872093506 2.42031730949615 -7.26578259664927 -4.28892316538461 27.2033796570078 0.595204495562872 0 0 0.111898872093506
2
 0 2 12462.2 2 0 3.81774e+07 384717 0
 1 0.01 200000 0
  1
 12 0 0 0 0 0 0
 0 0.02 12462.2157927544 0 0.999541311149972 0.515061271045504 0.515061271045504 0.0225210173820422 0.0225210173820422 4.9853968080973 1.60205999132796 -6.04990001879252 6.79475004047261 0.00971404260657613 0 0 0.0225210173820422
  1
 1 0 0 0 0 0 0
 1 0.02 12462.1869557652 12462.1869557652 0.01 0.01 0.0001 0.111898872093506 0.111898872093506 2.32874553304311 -7.63206970246144 -4.2889231653883 28.1190974215419 0.500332713211161 0 0 0.111898872093506
2
 0 2 12462.2 2 0 3.81774e+07 384717 0
 1 0.01 200000 0
  1
 12 0 0 0 0 0 0
 0 0.02 12462.2157927544 0 0.999541311149972 0.515061271045504 0.515061271045504 0.0225210173820422 0.0225210173820422 4.9853968080973 1.60205999132796 -6.04990001879252 6.79475004047261 0.00971404260657613 0 0 0.0225210173820422
  1
 1 0 0 0 0 0 0
 1 0.02 12462.1869557652 12462.1869557652 0.01 0.01 0.0001 0.111898872093506 0.111898872093506 2.32874553304311 -7.63206970246144 -4.2889231653883 28.1190974215419 0.500332713211161 0 0 0.111898872093506
2
 0 2 12462.2 2 0 3.81774e+07 384717 0
 1 0.01 200000 0
  1
 12 0 0 0 0 0 0
 0 0.02 12462.2157927544 0 0.999541311149972 0.515061271045504 0.515061271045504 0.0225210173820422 0.0225210173820422 4.9853968080973 1.60205999132796 -6.04990001879252 6.79475004047261 0.00971404260657613 0 0 0.0225210173820422
  1
 1 0 0 0 0 0 0
 1 0.02 12462.1869557652 12462.1869557652 0.01 0.01 0.0001 0.111898872093506 0.111898872093506 2.32874553304311 -7.63206970246144 -4.2889231653883 28.1190974215419 0.500332713211161 0 0 0.111898872093506
2
 0 2 12462.2 2 0 3.81774e+07 384717 0
 1 0.01 200000 0
  1
 12 0 0 0 0 0 0
 0 0.02 12462.2157927544 0 0.999541311149972 0.515061271045504 0.515061271045504 0.0225210173820422 0.0225210173820422 4.9853968080973 1.60205999132796 -6.04990001879252 6.79475004047261 0.00971404260657613 0 0 0.0225210173820422
  1
 1 0 0 0 0 0 0
 1 0.02 12462.1869557652 12462.1869557652 0.01 0.01 0.0001 0.111898872093506 0.111898872093506 2.32874553304311 -7.63206970246144 -4.2889231653883 28.1190974215419 0.500332713211161 0 0 0.111898872093506
2
 0 2 12462.2 2 0 3.81774e+07 384717 0
 1 0.01 200000 0
  1
 12 0 0 0 0 0 0
 0 0.02 12462.2157927544 0 0.999541311149972 0.515061271045504 0.515061271045504 0.0225210173820422 0.0225210173820422 4.9853968080973 1.60205999132796 -6.04990001879252 6.79475004047261 0.00971404260657613 0 0 0.0225210173820422
  1
 1 0 0 0 0 0 0
 1 0.02 12462.1869557652 12462.1869557652 0.01 0.01 0.0001 0.111898872093506 0.111898872093506 2.32874553304311 -7.63206970246144 -4.2889231653883 28.1190974215419 0.500332713211161 0 0 0.111898872093506
2
 0 2 12462.2 2 0 3.81774e+07 384717 0
 1 0.01 200000 0
  1
 12 0 0 0 0 0 0
 0 0.02 12462.2157927544 0 0.999541311149972 0.515061271045504 0.515061271045504 0.0225210173820422 0.0225210173820422 4.9853968080973 1.60205999132796 -6.04990001879252 6.79475004047261 0.00971404260657613 0 0 0.0225210173820422
  1
 1 0 0 0 0 0 0
 1 0.02 12462.1869557652 12462.1869557652 0.01 0.01 0.0001 0.111898872093506 0.111898872093506 2.32874553304311 -7.63206970246144 -4.2889231653883 28.1190974215419 0.500332713211161 0 0 0.111898872093506
2
 0 2 12462.2 2 0 3.81774e+07 384717 0
 1 0.01 200000 0
  1
 12 0 0 0 0 0 0
 0 0.02 12462.2157927544 0 0.999541311149972 0.515061271045504 0.515061271045504 0.0225210173820422 0.0225210173820422 4.9853968080973 1.60205999132796 -6.04990001879252 6.79475004047261 0.00971404260657613 0 0 0.0225210173820422
  1
 1 0 0 0 0 0 0
 1 0.02 12462.1869557652 12462.1869557652 0.01 0.01 0.0001 0.111898872093506 0.111898872093506 2.32874553304311 -7.63206970246144 -4.2889231653883 28.1190974215419 0.500332713211161 0 0 0.111898872093506
2
 0 2 12462.2 2 0 3.81774e+07 384717 0
 1 0.01 200000 0
  1
 12 0 0 0 0 0 0
 0 0.02 12462.2157927544 0 0.999541311149972 0.515061271045504 0.515061271045504 0.0225210173820422 0.0225210173820422 4.9853968080973 1.60205999132796 -6.04990001879252 6.79475004047261 0.00971404260657613 0 0 0.0225210173820422
  1
 1 0 0 0 0 0 0
 1 0.02 12462.1869557652 12462.1869557652 0.01 0.01 0.0001 0.111898872093506 0.111898872093506 2.32874553304311 -7.63206970246144 -4.2889231653883 28.1190974215419 0.500332713211161 0 0 0.111898872093506
2
 0 2 12462.2 2 0 3.81774e+07 384717 0
 1 0.01 200000 0
  1
 12 0 0 0 0 0 0
 0 0.02 12462.2157927544 0 0.999541311149972 0.515061271045504 0.515061271045504 0.0225210173820422 0.0225210173820422 4.9853968080973 1.60205999132796 -6.04990001879252 6.79475004047261 0.00971404260657613 0 0 0.0225210173820422
  1
 1 0 0 0 0 0 0
 1 0.02 12462.1869557652 12462.1869557652 0.01 0.01 0.0001 0.111898872093506 0.111898872093506 2.32874553304311 -7.63206970246144 -4.2889231653883 28.1190974215419 0.500332713211161 0 0 0.111898872093506
2
 0 2 12462.2 2 0 3.81774e+07 384717 0
 1 0.01 200000 0
  1
 12 0 0 0 0 0 0
 0 0.02 12462.2157927544 0 0.999541311149972 0.515061271045504 0.515061271045504 0.0225210173820422 0.0225210173820422 4.9853968080973 1.60205999132796 -6.04990001879252 6.79475004047261 0.00971404260657613 0 0 0.0225210173820422
  1
 1 0 0 0 0 0 0
 1 0.02 12462.1869557652 12462.1869557652 0.01 0.01 0.0001 0.111898872093506 0.111898872093506 2.32874553304311 -7.63206970246144 -4.2889231653883 28.1190974215419 0.500332713211161 0 0 0.111898872093506
2
 0 2 12462.2 2 0 3.81774e+07 384717 0
 1 0.01 200000 0
  1
 12 0 0 0 0 0 0
 0 0.02 12462.2157927544 0 0.999541311149972 0.515061271045504 0.515061271045504 0.0225210173820422 0.0225210173820422 4.9853968080973 1.60205999132796 -6.04990001879252 6.79475004047261 0.00971404260657613 0 0 0.0225210173820422
  1
 1 0 0 0 0 0 0
 1 0.02 12462.1869557652 12462.1869557652 0.01 0.01 0.0001 0.111898872093506 0.111898872093506 2.32874553304311 -7.63206970246144 -4.2889231653883 28.1190974215419 0.500332713211161 0 0 0.111898872093506
2
 0 2 12462.2 2 0 3.81774e+07 384717 0
 1 0.01 200000 0
  1
 12 0 0 0 0 0 0
 0 0.02 12462.2157927544 0 0.999541311149972 0.515061271045504 0.515061271045504 0.0225210173820422 0.0225210173820422 4.9853968080973 1.60205999132796 -6.04990001879252 6.79475004047261 0.00971404260657613 0 0 0.0225210173820422
  1
 1 0 0 0 0 0 0
 1 0.02 12462.1869557652 12462.1869557652 0.01 0.01 0.0001 0.111898872093506 0.111898872093506 2.32874553304311 -7.63206970246144 -4.2889231653883 28.1190974215419 0.500332713211161 0 0 0.111898872093506
2
 0 2 12462.2 2 0 3.81774e+07 384717 0
 1 0.01 200000 0
  1
 12 0 0 0 0 0 0
 0 0.02 12462.2157927544 0 0.999541311149972 0.515061271045504 0.515061271045504 0.0225210173820422 0.0225210173820422 4.9853968080973 1.60205999132796 -6.04990001879252 6.79475004047261 0.00971404260657613 0 0 0.0225210173820422
  1
 1 0 0 0 0 0 0
 1 0.02 12462.1869557652 12462.1869557652 0.01 0.01 0.0001 0.111898872093506 0.111898872093506 2.32874553304311 -7.63206970246144 -4.2889231653883 28.1190974215419 0.500332713211161 0 0 0.111898872093506
2
 0 2 12462.2 2 0 1.84883e+07 295549 0
 1 0.5 200000 0
  1
 12 0 0 0 0 0 0
 0 0.02 12462.2157927544 0 0.999541311149972 0.515061271045504 0.515061271045504 0.0225210173820422 0.0225210173820422 4.9853968080973 1.60205999132796 -6.04990001879252 6.79475004047261 0.398552066862034 0 0 0.0225210173820422
  1
 3 0 0 0 0 0 0
 1 0.02 12462.1869557652 12462.1869557652 0.5 0.5 0 0.467521387272237 0.467521387272237 3.57522008465171 -1.40421994814722 -1.43960515852371 9.70015502889177 0.410557468286177 0 0 0
2
 0 2 12462.2 2 0 1.84883e+07 295549 0
 1 0.5 200000 0
  1
 12 0 0 0 0 0 0
 0 0.02 12462.2157927544 0 0.999541311149972 0.515061271045504 0.515061271045504 0.0225210173820422 0.0225210173820422 4.9853968080973 1.60205999132796 -6.04990001879252 6.79475004047261 0.398552066862034 0 0 0.0225210173820422
  1
 3 0 0 0 0 0 0
 1 0.02 12462.1869557652 12462.1869557652 0.5 0.5 0 0.467521387272237 0.467521387272237 3.57522008465171 -1.40421994814722 -1.43960515852371 9.70015502889177 0.410557468286177 0 0 0
2
 0 2 12462.2 2 0 1.84883e+07 295549 0
 1 0.5 200000 0
  1
 12 0 0 0 0 0 0
 0 0.02 12462.2157927544 0 0.999541311149972 0.515061271045504 0.515061271045504 0.0225210173820422 0.0225210173820422 4.9853968080973 1.60205999132796 -6.04990001879252 6.79475004047261 0.398552066862034 0 0 0.0225210173820422
  1
 3 0 0 0 0 0 0
 1 0.02 12462.1869557652 12462.1869557652 0.5 0.5 0 0.467521387272237 0.467521387272237 3.57522008465171 -1.40421994814722 -1.43960515852371 9.70015502889177 0.410557468286177 0 0 0
2
 0 2 12462.2 2 0 1.84883e+07 295549 0
 1 0.5 200000 0
  1
 12 0 0 0 0 0 0
 0 0.02 12462.2157927544 0 0.999541311149972 0.515061271045504 0.515061271045504 0.0225210173820422 0.0225210173820422 4.9853968080973 1.60205999132796 -6.04990001879252 6.79475004047261 0.398552066862034 0 0 0.0225210173820422
  1
 3 0 0 0 0 0 0
 1 0.02 12462.1869557652 12462.1869557652 0.5 0.5 0 0.467521387272237 0.467521387272237 3.57522008465171 -1.40421994814722 -1.43960515852371 9.70015502889177 0.410557468286177 0 0 0
2
 0 2 12462.2 2 0 1.84883e+07 295549 0
 1 0.5 200000 0
  1
 12 0 0 0 0 0 0
 0 0.02 12462.2157927544 0 0.999541311149972 0.515061271045504 0.515061271045504 0.0225210173820422 0.0225210173820422 4.9853968080973 1.60205999132796 -6.04990001879252 6.79475004047261 0.398552066862034 0 0 0.0225210173820422
  1
 3 0 0 0 0 0 0
 1 0.02 12462.1869557652 12462.1869557652 0.5 0.5 0 0.467521387272237 0.467521387272237 3.57522008465171 -1.40421994814722 -1.43960515852371 9.70015502889177 0.410557468286177 0 0 0
2
 0 2 12462.2 2 0 1.84883e+07 295549 0
 1 0.5 200000 0
  1
 12 0 0 0 0 0 0
 0 0.02 12462.2157927544 0 0.999541311149972 0.515061271045504 0.515061271045504 0.0225210173820422 0.0225210173820422 4.9853968080973 1.60205999132796 -6.04990001879252 6.79475004047261 0.398552066862034 0 0 0.0225210173820422
  1
 3 0 0 0 0 0 0
 1 0.02 12462.1869557652 12462.1869557652 0.5 0.5 0 0.467521387272237 0.467521387272237 3.57522008465171 -1.40421994814722 -1.43960515852371 9.70015502889177 0.410557468286177 0 0 0
2
 0 2 12462.2 2 0 1.84883e+07 295549 0
 1 0.5 200000 0
  1
 12 0 0 0 0 0 0
 0 0.02 12462.2157927544 0 0.999541311149972 0.515061271045504 0.515061271045504 0.0225210173820422 0.0225210173820422 4.9853968080973 1.60205999132796 -6.04990001879252 6.79475004047261 0.398552066862034 0 0 0.0225210173820422
  1
 3 0 0 0 0 0 0
 1 0.02 12462.1869557652 12462.1869557652 0.5 0.5 0 0.467521387272237 0.467521387272237 3.57522008465171 -1.40421994814722 -1.43960515852371 9.70015502889177 0.410557468286177 0 0 0
2
 0 2 12462.2 2 0 1.84883e+07 295549 0
 1 0.5 200000 0
  1
 12 0 0 0 0 0 0
 0 0.02 12462.2157927544 0 0.999541311149972 0.515061271045504 0.515061271045504 0.0225210173820422 0.0225210173820422 4.9853968080973 1.60205999132796 -6.04990001879252 6.79475004047261 0.398552066862034 0 0 0.0225210173820422
  1
 3 0 0 0 0 0 0
 1 0.02 12462.1869557652 12462.1869557652 0.5 0.5 0 0.467521387272237 0.467521387272237 3.57522008465171 -1.40421994814722 -1.43960515852371 9.70015502889177 0.410557468286177 0 0 0
2
 0 2 12462.2 2 0 1.84883e+07 295549 0
 1 0.5 200000 0
  1
 12 0 0 0 0 0 0
 0 0.02 12462.2157927544 0 0.999541311149972 0.515061271045504 0.515061271045504 0.0225210173820422 0.0225210173820422 4.9853968080973 1.60205999132796 -6.04990001879252 6.79475004047261 0.398552066862034 0 0 0.0225210173820422
  1
 3 0 0 0 0 0 0
 1 0.02 12462.1869557652 12462.1869557652 0.5 0.5 0 0.467521387272237 0.467521387272237 3.57522008465171 -1.40421994814722 -1.43960515852371 9.70015502889177 0.410557468286177 0 0 0
2
 0 2 12462.2 2 0 1.84883e+07 295549 0
 1 0.5 200000 0
  1
 12 0 0 0 0 0 0
 0 0.02 12462.2157927544 0 0.999541311149972 0.515061271045504 0.515061271045504 0.0225210173820422 0.0225210173820422 4.9853968080973 1.60205999132796 -6.04990001879252 6.79475004047261 0.398552066862034 0 0 0.0225210173820422
  1
 3 0 0 0 0 0 0
 1 0.02 12462.1869557652 12462.1869557652 0.5 0.5 0 0.467521387272237 0.467521387272237 3.57522008465171 -1.40421994814722 -1.43960515852371 9.70015502889177 0.410557468286177 0 0 0
2
 0 2 12462.2 2 0 1.84883e+07 295549 0
 1 0.5 200000 0
  1
 12 0 0 0 0 0 0
 0 0.02 12462.2157927544 0 0.999541311149972 0.515061271045504 0.515061271045504 0.0225210173820422 0.0225210173820422 4.9853968080973 1.60205999132796 -6.04990001879252 6.79475004047261 0.398552066862034 0 0 0.0225210173820422
  1
 3 0 0 0 0 0 0
 1 0.02 12462.1869557652 12462.1869557652 0.5 0.5 0 0.467521387272237 0.467521387272237 3.57522008465171 -1.40421994814722 -1.43960515852371 9.70015502889177 0.410557468286177 0 0 0
2
 0 2 12462.2 2 0 1.84883e+07 295549 0
 1 0.5 200000 0
  1
 12 0 0 0 0 0 0
 0 0.02 12462.2157927544 0 0.999541311149972 0.515061271045504 0.515061271045504 0.0225210173820422 0.0225210173820422 4.9853968080973 1.60205999132796 -6.04990001879252 6.79475004047261 0.398552066862034 0 0 0.0225210173820422
  1
 3 0 0 0 0 0 0
 1 0.02 12462.1869557652 12462.1869557652 0.5 0.5 0 0.467521387272237 0.467521387272237 3.57522008465171 -1.40421994814722 -1.43960515852371 9.70015502889177 0.410557468286177 0 0 0
2
 0 2 12462.2 2 0 1.84883e+07 295549 0
 1 0.5 200000 0
  1
 12 0 0 0 0 0 0
 0 0.02 12462.2157927544 0 0.999541311149972 0.515061271045504 0.515061271045504 0.0225210173820422 0.0225210173820422 4.9853968080973 1.60205999132796 -6.04990001879252 6.79475004047261 0.398552066862034 0 0 0.0225210173820422
  1
 3 0 0 0 0 0 0
 1 0.02 12462.1869557652 12462.1869557652 0.5 0.5 0 0.467521387272237 0.467521387272237 3.57522008465171 -1.40421994814722 -1.43960515852371 9.70015502889177 0.410557468286177 0 0 0
2
 0 2 12462.2 2 0 1.84883e+07 295549 0
 1 0.5 200000 0
  1
 12 0 0 0 0 0 0
 0 0.02 12462.2157927544 0 0.999541311149972 0.515061271045504 0.515061271045504 0.0225210173820422 0.0225210173820422 4.9853968080973 1.60205999132796 -6.04990001879252 6.79475004047261 0.398552066862034 0 0 0.0225210173820422
  1
 3 0 0 0 0 0 0
 1 0.02 12462.1869557652 12462.1869557652 0.5 0.5 0 0.467521387272237 0.467521387272237 3.57522008465171 -1.40421994814722 -1.43960515852371 9.70015502889177 0.410557468286177 0 0 0
2
 0 2 12462.2 2 0 1.84883e+07 295549 0
 1 0.5 200000 0
  1
 12 0 0 0 0 0 0
 0 0.02 12462.2157927544 0 0.999541311149972 0.515061271045504 0.515061271045504 0.0225210173820422 0.0225210173820422 4.9853968080973 1.60205999132796 -6.04990001879252 6.79475004047261 0.398552066862034 0 0 0.0225210173820422
  1
 3 0 0 0 0 0 0
 1 0.02 12462.1869557652 12462.1869557652 0.5 0.5 0 0.467521387272237 0.467521387272237 3.57522008465171 -1.40421994814722 -1.43960515852371 9.70015502889177 0.410557468286177 0 0 0
2
 0 2 12462.2 2 0 1.84883e+07 295549 0
 1 0.5 200000 0
  1
 12 0 0 0 0 0 0
 0 0.02 12462.2157927544 0 0.999541311149972 0.515061271045504 0.515061271045504 0.0225210173820422 0.0225210173820422 4.9853968080973 1.60205999132796 -6.04990001879252 6.79475004047261 0.398552066862034 0 0 0.0225210173820422
  1
 3 0 0 0 0 0 0
 1 0.02 12462.1869557652 12462.1869557652 0.5 0.5 0 0.467521387272237 0.467521387272237 3.57522008465171 -1.40421994814722 -1.43960515852371 9.70015502889177 0.410557468286177 0 0 0
2
 0 2 12462.2 2 0 1.84883e+07 295549 0
 1 0.5 200000 0
  1
 12 0 0 0 0 0 0
 0 0.02 12462.2157927544 0 0.999541311149972 0.515061271045504 0.515061271045504 0.0225210173820422 0.0225210173820422 4.9853968080973 1.60205999132796 -6.04990001879252 6.79475004047261 0.398552066862034 0 0 0.0225210173820422
  1
 3 0 0 0 0 0 0
 1 0.02 12462.1869557652 12462.1869557652 0.5 0.5 0 0.467521387272237 0.467521387272237 3.57522008465171 -1.40421994814722 -1.43960515852371 9.70015502889177 0.410557468286177 0 0 0
2
 0 2 1495.93 2 0 3.21146e+07 442582 0
 2 0.5 200000 0
  1
 12 0 0 0 0 0 0
 0 0.02 1495.92693598129 0 1.9998934286477 0.629734454609614 0.629734454609614 0.0161079663617116 0.0161079663617116 5.05817045398843 1.60205999132796 -6.50382340836157 7.24867343004166 0.308717103510642 0 0 0.0161079663617116
  1
 3 0 0 0 0 0 0
 1 0.02 1495.91526348088 1495.91526348088 0.5 0.5 0 0.459793575026425 0.459793575026425 3.57491355638705 -1.41992323044208 -1.4448582894606 9.7446663655658 0.466890608656868 0 0 0
2
 0 2 12462.2 2 0 1.84883e+07 295549 0
 1 0.5 200000 0
  1
 12 0 0 0 0 0 0
 0 0.02 12462.2157927544 0 0.999541311149972 0.515061271045504 0.515061271045504 0.0225210173820422 0.0225210173820422 4.9853968080973 1.60205999132796 -6.04990001879252 6.79475004047261 0.398552066862034 0 0 0.0225210173820422
  1
 3 0 0 0 0 0 0
 1 0.02 12462.1869557652 12462.1869557652 0.5 0.5 0 0.467521387272237 0.467521387272237 3.57522008465171 -1.40421994814722 -1.43960515852371 9.70015502889177 0.410557468286177 0 0 0
2
 0 2 3867.6 2 0 2.42311e+07 358949 0
 1.4 0.5 200000 0
  1
 12 0 0 0 0 0 0
 0 0.02 3867.60347398629 0 1.39969525598825 0.558645725281622 0.558645725281622 0.0196880278566946 0.0196880278566946 5.01458970339735 1.60205999132796 -6.23192688373394 6.97677690541404 0.35412280430144 0 0 0.0196880278566946
  1
 3 0 0 0 0 0 0
 1 0.02 3867.57809363291 3867.57809363291 0.5 0.5 0 0.461442171388165 0.461442171388165 3.57487373514533 -1.41697374734441 -1.44554110346668 9.7379754718277 0.518004155489173 0 0 0
2
 0 2 12462.2 2 0 1.84883e+07 295549 0
 1 0.5 200000 0
  1
 12 0 0 0 0 0 0
 0 0.02 12462.2157927544 0 0.999541311149972 0.515061271045504 0.515061271045504 0.0225210173820422 0.0225210173820422 4.9853968080973 1.60205999132796 -6.04990001879252 6.79475004047261 0.398552066862034 0 0 0.0225210173820422
  1
 3 0 0 0 0 0 0
 1 0.02 12462.1869557652 12462.1869557652 0.5 0.5 0 0.467521387272237 0.467521387272237 3.57522008465171 -1.40421994814722 -1.43960515852371 9.70015502889177 0.410557468286177 0 0 0
2
 0 2 3867.6 2 0 2.42311e+07 358949 0
 1.4 0.5 200000 0
  1
 12 0 0 0 0 0 0
 0 0.02 3867.60347398629 0 1.39969525598825 0.558645725281622 0.558645725281622 0.0196880278566946 0.0196880278566946 5.01458970339735 1.60205999132796 -6.23192688373394 6.97677690541404 0.35412280430144 0 0 0.0196880278566946
  1
 3 0 0 0 0 0 0
 1 0.02 3867.57809363291 3867.57809363291 0.5 0.5 0 0.461442171388165 0.461442171388165 3.57487373514533 -1.41697374734441 -1.44554110346668 9.7379754718277 0.518004155489173 0 0 0
2
 0 2 6513.84 2 0 2.15612e+07 329311 0
 1.2 0.5 200000 0
  1
 12 0 0 0 0 0 0
 0 0.02 6513.8397651706 0 1.19960004900438 0.532459361132304 0.532459361132304 0.0213901415264002 0.0213901415264002 4.99658398195742 1.60205999132796 -6.11964395443233 6.86449397611243 0.374374478296798 0 0 0.0213901415264002
  1
 3 0 0 0 0 0 0
 1 0.02 6513.8079520262 6513.8079520262 0.5 0.5 0 0.463293741535351 0.463293741535351 3.57489963588245 -1.41339184205622 -1.44509697424584 9.7285765793864 0.502151110231411 0 0 0
2
 0 2 3867.6 2 0 2.42311e+07 358949 0
 1.4 0.5 200000 0
  1
 12 0 0 0 0 0 0
 0 0.02 3867.60347398629 0 1.39969525598825 0.558645725281622 0.558645725281622 0.0196880278566946 0.0196880278566946 5.01458970339735 1.60205999132796 -6.23192688373394 6.97677690541404 0.35412280430144 0 0 0.0196880278566946
  1
 3 0 0 0 0 0 0
 1 0.02 3867.57809363291 3867.57809363291 0.5 0.5 0 0.461442171388165 0.461442171388165 3.57487373514533 -1.41697374734441 -1.44554110346668 9.7379754718277 0.518004155489173 0 0 0
2
 0 2 6513.84 2 0 2.15612e+07 329311 0
 1.2 0.5 200000 0
  1
 12 0 0 0 0 0 0
 0 0.02 6513.8397651706 0 1.19960004900438 0.532459361132304 0.532459361132304 0.0213901415264002 0.0213901415264002 4.99658398195742 1.60205999132796 -6.11964395443233 6.86449397611243 0.374374478296798 0 0 0.0213901415264002
  1
 3 0 0 0 0 0 0
 1 0.02 6513.8079520262 6513.8079520262 0.5 0.5 0 0.463293741535351 0.463293741535351 3.57489963588245 -1.41339184205622 -1.44509697424584 9.7285765793864 0.502151110231411 0 0 0
2
 0 2 3867.6 2 0 2.42311e+07 358949 0
 1.4 0.5 200000 0
  1
 12 0 0 0 0 0 0
 0 0.02 3867.60347398629 0 1.39969525598825 0.558645725281622 0.558645725281622 0.0196880278566946 0.0196880278566946 5.01458970339735 1.60205999132796 -6.23192688373394 6.97677690541404 0.35412280430144 0 0 0.0196880278566946
  1
 3 0 0 0 0 0 0
 1 0.02 3867.57809363291 3867.57809363291 0.5 0.5 0 0.461442171388165 0.461442171388165 3.57487373514533 -1.41697374734441 -1.44554110346668 9.7379754718277 0.518004155489173 0 0 0
2
 0 2 3867.6 2 0 2.42311e+07 358949 0
 1.4 0.5 200000 0
  1
 12 0 0 0 0 0 0
 0 0.02 3867.60347398629 0 1.39969525598825 0.558645725281622 0.558645725281622 0.0196880278566946 0.0196880278566946 5.01458970339735 1.60205999132796 -6.23192688373394 6.97677690541404 0.35412280430144 0 0 0.0196880278566946
  1
 3 0 0 0 0 0 0
 1 0.02 3867.57809363291 3867.57809363291 0.5 0.5 0 0.461442171388165 0.461442171388165 3.57487373514533 -1.41697374734441 -1.44554110346668 9.7379754718277 0.518004155489173 0 0 0
2
 0 2 1495.93 2 0 3.21146e+07 442582 0
 2 0.5 200000 0
  1
 12 0 0 0 0 0 0
 0 0.02 1495.92693598129 0 1.9998934286477 0.629734454609614 0.629734454609614 0.0161079663617116 0.0161079663617116 5.05817045398843 1.60205999132796 -6.50382340836157 7.24867343004166 0.308717103510642 0 0 0.0161079663617116
  1
 3 0 0 0 0 0 0
 1 0.02 1495.91526348088 1495.91526348088 0.5 0.5 0 0.459793575026425 0.459793575026425 3.57491355638705 -1.41992323044208 -1.4448582894606 9.7446663655658 0.466890608656868 0 0 0
2
 0 2 1495.93 2 0 3.21146e+07 442582 0
 2 0.5 200000 0
  1
 12 0 0 0 0 0 0
 0 0.02 1495.92693598129 0 1.9998934286477 0.629734454609614 0.629734454609614 0.0161079663617116 0.0161079663617116 5.05817045398843 1.60205999132796 -6.50382340836157 7.24867343004166 0.308717103510642 0 0 0.0161079663617116
  1
 3 0 0 0 0 0 0
 1 0.02 1495.91526348088 1495.91526348088 0.5 0.5 0 0.459793575026425 0.459793575026425 3.57491355638705 -1.41992323044208 -1.4448582894606 9.7446663655658 0.466890608656868 0 0 0
2
 0 2 1495.93 2 0 3.21146e+07 442582 0
 2 0.5 200000 0
  1
 12 0 0 0 0 0 0
 0 0.02 1495.92693598129 0 1.9998934286477 0.629734454609614 0.629734454609614 0.0161079663617116 0.0161079663617116 5.05817045398843 1.60205999132796 -6.50382340836157 7.24867343004166 0.308717103510642 0 0 0.0161079663617116
  1
 3 0 0 0 0 0 0
 1 0.02 1495.91526348088 1495.91526348088 0.5 0.5 0 0.459793575026425 0.459793575026425 3.57491355638705 -1.41992323044208 -1.4448582894606 9.7446663655658 0.466890608656868 0 0 0
2
 0 2 1495.93 2 0 3.21146e+07 442582 0
 2 0.5 200000 0
  1
 12 0 0 0 0 0 0
 0 0.02 1495.92693598129 0 1.9998934286477 0.629734454609614 0.629734454609614 0.0161079663617116 0.0161079663617116 5.05817045398843 1.60205999132796 -6.50382340836157 7.24867343004166 0.308717103510642 0 0 0.0161079663617116
  1
 3 0 0 0 0 0 0
 1 0.02 1495.91526348088 1495.91526348088 0.5 0.5 0 0.459793575026425 0.459793575026425 3.57491355638705 -1.41992323044208 -1.4448582894606 9.7446663655658 0.466890608656868 0 0 0
2
 0 2 1495.93 2 0 3.21146e+07 442582 0
 2 0.5 200000 0
  1
 12 0 0 0 0 0 0
 0 0.02 1495.92693598129 0 1.9998934286477 0.629734454609614 0.629734454609614 0.0161079663617116 0.0161079663617116 5.05817045398843 1.60205999132796 -6.50382340836157 7.24867343004166 0.308717103510642 0 0 0.0161079663617116
  1
 3 0 0 0 0 0 0
 1 0.02 1495.91526348088 1495.91526348088 0.5 0.5 0 0.459793575026425 0.459793575026425 3.57491355638705 -1.41992323044208 -1.4448582894606 9.7446663655658 0.466890608656868 0 0 0
2
 0 2 1495.93 2 0 3.21146e+07 442582 0
 2 0.5 200000 0
  1
 12 0 0 0 0 0 0
 0 0.02 1495.92693598129 0 1.9998934286477 0.629734454609614 0.629734454609614 0.0161079663617116 0.0161079663617116 5.05817045398843 1.60205999132796 -6.50382340836157 7.24867343004166 0.308717103510642 0 0 0.0161079663617116
  1
 3 0 0 0 0 0 0
 1 0.02 1495.91526348088 1495.91526348088 0.5 0.5 0 0.459793575026425 0.459793575026425 3.57491355638705 -1.41992323044208 -1.4448582894606 9.7446663655658 0.466890608656868 0 0 0
2
 0 2 3867.6 2 0 2.42311e+07 358949 0
 1.4 0.5 200000 0
  1
 12 0 0 0 0 0 0
 0 0.02 3867.60347398629 0 1.39969525598825 0.558645725281622 0.558645725281622 0.0196880278566946 0.0196880278566946 5.01458970339735 1.60205999132796 -6.23192688373394 6.97677690541404 0.35412280430144 0 0 0.0196880278566946
  1
 3 0 0 0 0 0 0
 1 0.02 3867.57809363291 3867.57809363291 0.5 0.5 0 0.461442171388165 0.461442171388165 3.57487373514533 -1.41697374734441 -1.44554110346668 9.7379754718277 0.518004155489173 0 0 0
2
 0 2 12462.2 2 0 1.84883e+07 295549 0
 1 0.5 200000 0
  1
 12 0 0 0 0 0 0
 0 0.02 12462.2157927544 0 0.999541311149972 0.515061271045504 0.515061271045504 0.0225210173820422 0.0225210173820422 4.9853968080973 1.60205999132796 -6.04990001879252 6.79475004047261 0.398552066862034 0 0 0.0225210173820422
  1
 3 0 0 0 0 0 0
 1 0.02 12462.1869557652 12462.1869557652 0.5 0.5 0 0.467521387272237 0.467521387272237 3.57522008465171 -1.40421994814722 -1.43960515852371 9.70015502889177 0.410557468286177 0 0 0
2
 0 2 12462.2 2 0 1.84883e+07 295549 0
 1 0.5 200000 0
  1
 12 0 0 0 0 0 0
 0 0.02 12462.2157927544 0 0.999541311149972 0.515061271045504 0.515061271045504 0.0225210173820422 0.0225210173820422 4.9853968080973 1.60205999132796 -6.04990001879252 6.79475004047261 0.398552066862034 0 0 0.0225210173820422
  1
 3 0 0 0 0 0 0
 1 0.02 12462.1869557652 12462.1869557652 0.5 0.5 0 0.467521387272237 0.467521387272237 3.57522008465171 -1.40421994814722 -1.43960515852371 9.70015502889177 0.410557468286177 0 0 0
2
 0 2 3867.6 2 0 2.42311e+07 358949 0
 1.4 0.5 200000 0
  1
 12 0 0 0 0 0 0
 0 0.02 3867.60347398629 0 1.39969525598825 0.558645725281622 0.558645725281622 0.0196880278566946 0.0196880278566946 5.01458970339735 1.60205999132796 -6.23192688373394 6.97677690541404 0.35412280430144 0 0 0.0196880278566946
  1
 3 0 0 0 0 0 0
 1 0.02 3867.57809363291 3867.57809363291 0.5 0.5 0 0.461442171388165 0.461442171388165 3.57487373514533 -1.41697374734441 -1.44554110346668 9.7379754718277 0.518004155489173 0 0 0
2
 0 2 12462.2 2 0 1.84883e+07 295549 0
 1 0.5 200000 0
  1
 12 0 0 0 0 0 0
 0 0.02 12462.2157927544 0 0.999541311149972 0.515061271045504 0.515061271045504 0.0225210173820422 0.0225210173820422 4.9853968080973 1.60205999132796 -6.04990001879252 6.79475004047261 0.398552066862034 0 0 0.0225210173820422
  1
 3 0 0 0 0 0 0
 1 0.02 12462.1869557652 12462.1869557652 0.5 0.5 0 0.467521387272237 0.467521387272237 3.57522008465171 -1.40421994814722 -1.43960515852371 9.70015502889177 0.410557468286177 0 0 0
2
 0 2 3867.6 2 0 2.42311e+07 358949 0
 1.4 0.5 200000 0
  1
 12 0 0 0 0 0 0
 0 0.02 3867.60347398629 0 1.39969525598825 0.558645725281622 0.558645725281622 0.0196880278566946 0.0196880278566946 5.01458970339735 1.60205999132796 -6.23192688373394 6.97677690541404 0.35412280430144 0 0 0.0196880278566946
  1
 3 0 0 0 0 0 0
 1 0.02 3867.57809363291 3867.57809363291 0.5 0.5 0 0.461442171388165 0.461442171388165 3.57487373514533 -1.41697374734441 -1.44554110346668 9.7379754718277 0.518004155489173 0 0 0
2
 0 2 898.016 2 0 3.81882e+07 500866 0
 2.4 0.5 200000 0
  1
 12 0 0 0 0 0 0
 0 0.02 898.016011921716 0 2.39987062764892 0.657993933261293 0.657993933261293 0.0152601820021612 0.0152601820021612 5.0699109543335 1.60205999132796 -6.57709715946665 7.32194718114674 0.286636634687242 0 0 0.0152601820021612
  1
 3 0 0 0 0 0 0
 1 0.02 898.011255390328 898.011255390328 0.5 0.5 0 0.459379248014679 0.459379248014679 3.5749331520595 -1.42062789939429 -1.44452231459141 9.74609206307712 0.387208262725548 0 0 0
2
 0 2 335.6 2 0 4.80284e+07 604885 0
 3.4 0.5 200000 0
  1
 12 0 0 0 0 0 0
 0 0.02 335.600260678241 0 3.39980400222421 0.789501569390063 0.789501569390063 0.0113149529182981 0.0113149529182981 5.13486443539365 1.60205999132796 -6.98262449221808 7.72747451389817 0.247171499166065 0 0 0.0113149529182981
  1
 3 0 0 0 0 0 0
 1 0.02 335.59588748333 335.59588748333 0.5 0.5 0 0.458989911684919 0.458989911684919 3.5749551323036 -1.42127644317373 -1.44414548030352 9.74733658823784 0.455711403547143 0 0 0
2
 0 2 38.0133 2 0 3.66537e+06 205383 0
 8.4 0.5 200000 0
  1
 8 0 0 0 0 0 0
 0 0.02 38.0132923377712 38.2158262412739 8.36918033066307 8.16674331256298 2.30936065891808 496.356078696939 496.356078696939 3.54171976908895 4.51376251353022 -1.96146199934527 -4.57294428448029 0.163619737621492 0 0 13.3707996196556
  1
 3 0 0 0 7 0 0
 1 0.02 38.0132923367712 38.0132923367712 0.5 0.5 0 0.458784051866364 0.458784051866364 3.57496815936309 -1.42161398985428 -1.44392215388805 9.74795712852375 2.67248079604726 0 0 0
2
 0 8 38.0133 8 1 1 0 0
 8.4 0.5 200000 0
  1
 18 0 0 0 0 5 0
 0 0.02 38.0132923377712 0 8.36918033066307 1.20185969063432 1.20185969063432 2.04326468257131e-05 2.04326468257131e-05 6.91560716245767 3.23837465395243 -18.1116228200517 14.7656861851707 58.6106544781232 12 0.1 2.04326468257131e-05
  1
 3 0 0 0 7 5 0
 1 0.02 38.0132923367712 38.0132923367712 0.5 0.5 0 0.458784051866364 0.458784051866364 3.57496815936309 -1.42161398985428 -1.44392215388805 9.74795712852375 2.67248079604726 0 0 0
2
 0 8 38.0133 8 1 1 0 0
 8.4 0.5 200000 0
  1
 18 0 0 0 0 5 0
 0 0.02 38.0132923377712 0 8.36918033066307 1.20185969063432 1.20185969063432 2.04326468257131e-05 2.04326468257131e-05 6.91560716245767 3.23837465395243 -18.1116228200517 14.7656861851707 58.6106544781232 12 0.1 2.04326468257131e-05
  1
 3 0 0 0 0 5 0
 1 0.02 38.0132923367712 38.0132923367712 0.5 0.5 0 0.458784051866364 0.458784051866364 3.57496815936309 -1.42161398985428 -1.44392215388805 9.74795712852375 2.67248079604726 0 0 0
2
 0 2 38.0133 2 0 3.66537e+06 205383 0
 8.4 0.5 200000 0
  1
 8 0 0 0 0 0 0
 0 0.02 38.0132923377712 38.2158262412739 8.36918033066307 8.16674331256298 2.30936065891808 496.356078696939 496.356078696939 3.54171976908895 4.51376251353022 -1.96146199934527 -4.57294428448029 0.163619737621492 0 0 13.3707996196556
  1
 3 0 0 0 7 0 0
 1 0.02 38.0132923367712 38.0132923367712 0.5 0.5 0 0.458784051866364 0.458784051866364 3.57496815936309 -1.42161398985428 -1.44392215388805 9.74795712852375 2.67248079604726 0 0 0
2
 0 8 38.0133 8 1 1 0 0
 8.4 0.5 200000 0
  1
 18 0 0 0 0 5 0
 0 0.02 38.0132923377712 0 8.36918033066307 1.20185969063432 1.20185969063432 2.04326468257131e-05 2.04326468257131e-05 6.91560716245767 3.23837465395243 -18.1116228200517 14.7656861851707 425.388344131382 12 0.1 2.04326468257131e-05
  1
 3 0 0 0 7 5 0
 1 0.02 38.0132923367712 38.0132923367712 0.5 0.5 0 0.458784051866364 0.458784051866364 3.57496815936309 -1.42161398985428 -1.44392215388805 9.74795712852375 2.67248079604726 0 0 0
2
 0 8 38.0133 8 1 1 0 0
 8.4 0.5 200000 0
  1
 18 0 0 0 0 5 0
 0 0.02 38.0132923377712 0 8.36918033066307 1.20185969063432 1.20185969063432 2.04326468257131e-05 2.04326468257131e-05 6.91560716245767 3.23837465395243 -18.1116228200517 14.7656861851707 425.388344131382 12 0.1 2.04326468257131e-05
  1
 3 0 0 0 0 5 0
 1 0.02 38.0132923367712 38.0132923367712 0.5 0.5 0 0.458784051866364 0.458784051866364 3.57496815936309 -1.42161398985428 -1.44392215388805 9.74795712852375 2.67248079604726 0 0 0
2
 0 2 898.016 2 0 3.81882e+07 500866 0
 2.4 0.5 200000 0
  1
 12 0 0 0 0 0 0
 0 0.02 898.016011921716 0 2.39987062764892 0.657993933261293 0.657993933261293 0.0152601820021612 0.0152601820021612 5.0699109543335 1.60205999132796 -6.57709715946665 7.32194718114674 0.286636634687242 0 0 0.0152601820021612
  1
 3 0 0 0 0 0 0
 1 0.02 898.011255390328 898.011255390328 0.5 0.5 0 0.459379248014679 0.459379248014679 3.5749331520595 -1.42062789939429 -1.44452231459141 9.74609206307712 0.387208262725548 0 0 0
2
 0 2 3867.6 2 0 2.42311e+07 358949 0
 1.4 0.5 200000 0
  1
 12 0 0 0 0 0 0
 0 0.02 3867.60347398629 0 1.39969525598825 0.558645725281622 0.558645725281622 0.0196880278566946 0.0196880278566946 5.01458970339735 1.60205999132796 -6.23192688373394 6.97677690541404 0.35412280430144 0 0 0.0196880278566946
  1
 3 0 0 0 0 0 0
 1 0.02 3867.57809363291 3867.57809363291 0.5 0.5 0 0.461442171388165 0.461442171388165 3.57487373514533 -1.41697374734441 -1.44554110346668 9.7379754718277 0.518004155489173 0 0 0
2
 0 2 898.016 2 0 3.81882e+07 500866 0
 2.4 0.5 200000 0
  1
 12 0 0 0 0 0 0
 0 0.02 898.016011921716 0 2.39987062764892 0.657993933261293 0.657993933261293 0.0152601820021612 0.0152601820021612 5.0699109543335 1.60205999132796 -6.57709715946665 7.32194718114674 0.286636634687242 0 0 0.0152601820021612
  1
 3 0 0 0 0 0 0
 1 0.02 898.011255390328 898.011255390328 0.5 0.5 0 0.459379248014679 0.459379248014679 3.5749331520595 -1.42062789939429 -1.44452231459141 9.74609206307712 0.387208262725548 0 0 0
2
 0 2 898.016 2 0 3.81882e+07 500866 0
 2.4 0.5 200000 0
  1
 12 0 0 0 0 0 0
 0 0.02 898.016011921716 0 2.39987062764892 0.657993933261293 0.657993933261293 0.0152601820021612 0.0152601820021612 5.0699109543335 1.60205999132796 -6.57709715946665 7.32194718114674 0.286636634687242 0 0 0.0152601820021612
  1
 3 0 0 0 0 0 0
 1 0.02 898.011255390328 898.011255390328 0.5 0.5 0 0.459379248014679 0.459379248014679 3.5749331520595 -1.42062789939429 -1.44452231459141 9.74609206307712 0.387208262725548 0 0 0
2
 0 2 3867.6 2 0 2.42311e+07 358949 0
 1.4 0.5 200000 0
  1
 12 0 0 0 0 0 0
 0 0.02 3867.60347398629 0 1.39969525598825 0.558645725281622 0.558645725281622 0.0196880278566946 0.0196880278566946 5.01458970339735 1.60205999132796 -6.23192688373394 6.97677690541404 0.35412280430144 0 0 0.0196880278566946
  1
 3 0 0 0 0 0 0
 1 0.02 3867.57809363291 3867.57809363291 0.5 0.5 0 0.461442171388165 0.461442171388165 3.57487373514533 -1.41697374734441 -1.44554110346668 9.7379754718277 0.518004155489173 0 0 0
2
 0 2 3867.6 2 0 2.42311e+07 358949 0
 1.4 0.5 200000 0
  1
 12 0 0 0 0 0 0
 0 0.02 3867.60347398629 0 1.39969525598825 0.558645725281622 0.558645725281622 0.0196880278566946 0.0196880278566946 5.01458970339735 1.60205999132796 -6.23192688373394 6.97677690541404 0.35412280430144 0 0 0.0196880278566946
  1
 3 0 0 0 0 0 0
 1 0.02 3867.57809363291 3867.57809363291 0.5 0.5 0 0.461442171388165 0.461442171388165 3.57487373514533 -1.41697374734441 -1.44554110346668 9.7379754718277 0.518004155489173 0 0 0
2
 0 2 3867.6 2 0 2.42311e+07 358949 0
 1.4 0.5 200000 0
  1
 12 0 0 0 0 0 0
 0 0.02 3867.60347398629 0 1.39969525598825 0.558645725281622 0.558645725281622 0.0196880278566946 0.0196880278566946 5.01458970339735 1.60205999132796 -6.23192688373394 6.97677690541404 0.35412280430144 0 0 0.0196880278566946
  1
 3 0 0 0 0 0 0
 1 0.02 3867.57809363291 3867.57809363291 0.5 0.5 0 0.461442171388165 0.461442171388165 3.57487373514533 -1.41697374734441 -1.44554110346668 9.7379754718277 0.518004155489173 0 0 0
2
 0 2 49.7183 2 0 6.77563e+07 857116 0
 7.4 0.5 200000 0
  1
 14 0 0 0 0 0 0
 0 0.02 49.7182725793187 0 7.39096380859039 1.3433919426819 1.3433919426819 0.00213007483919843 0.00213007483919843 5.49749337976602 1.60205999132796 -9.24844750964197 9.99329753132206 0.173666938984375 0 0 0.00213007483919843
  1
 3 0 0 0 0 0 0
 1 0.02 49.7116187594621 49.7116187594621 0.5 0.5 0 0.458792142671747 0.458792142671747 3.57496762895487 -1.42160079377446 -1.44393124663913 9.74793323107529 0.672633221184808 0 0 0
2
 0 2 49.7183 2 0 6.77563e+07 857116 0
 7.4 0.5 200000 0
  1
 14 0 0 0 0 0 0
 0 0.02 49.7182725793187 0 7.39096380859039 1.3433919426819 1.3433919426819 0.00213007483919843 0.00213007483919843 5.49749337976602 1.60205999132796 -9.24844750964197 9.99329753132206 0.173666938984375 0 0 0.00213007483919843
  1
 3 0 0 0 0 0 0
 1 0.02 49.7116187594621 49.7116187594621 0.5 0.5 0 0.458792142671747 0.458792142671747 3.57496762895487 -1.42160079377446 -1.44393124663913 9.74793323107529 0.672633221184808 0 0 0
2
 0 2 49.7183 2 0 6.77563e+07 857116 0
 7.4 0.5 200000 0
  1
 14 0 0 0 0 0 0
 0 0.02 49.7182725793187 0 7.39096380859039 1.3433919426819 1.3433919426819 0.00213007483919843 0.00213007483919843 5.49749337976602 1.60205999132796 -9.24844750964197 9.99329753132206 0.173666938984375 0 0 0.00213007483919843
  1
 3 0 0 0 0 0 0
 1 0.02 49.7116187594621 49.7116187594621 0.5 0.5 0 0.458792142671747 0.458792142671747 3.57496762895487 -1.42160079377446 -1.44393124663913 9.74793323107529 0.672633221184808 0 0 0
