0 2 0 0 2e+06 0     0 2 0.07 0.10294 4.2357 0.0007 1 1 0.01 0.111899 3.65981 0.0001
0 2 0 13500 2e+06 0     0 2 0.07 0.10294 2.89334 0.0007 1 1 0.01 0.111899 2.31746 0.0001
0 2 0 0 2e+06 0     0 2 0.07 0.10294 4.2357 0.0007 1 1 0.01 0.111899 3.65981 0.0001
0 2 0 13500 2e+06 0     0 2 0.07 0.10294 2.89334 0.0007 1 1 0.01 0.111899 2.31746 0.0001
0 2 0 0 2e+06 0     0 3 7 3.19807 4.31714 0 1 1 0.01 0.111899 3.65981 0.0001
0 2 0 48.9007 2.00105e+06 0     0 5 6.99631 7.48569 4.25276 1.32869 1 1 0.01 0.111899 3.11079 0.0001
0 2 0 49.0603 2.00123e+06 0     0 6 6.99568 96.7155 3.6354 1.35517 1 1 0.01 0.111899 3.11033 0.0001
0 2 0 49.1129 2.00172e+06 0     0 7 6.99399 215.463 3.58296 1.35601 1 1 0.01 0.111899 3.11018 0.0001
0 2 0 55.1602 2.03293e+06 0     0 8 6.88645 183.298 3.59554 1.82968 1 1 0.01 0.111899 3.09379 0.0001
0 2 0 55.9224 1.08495e+07 0     0 14 1.28222 0.00352225 5.38828 1.28222 1 1 0.01 0.111899 3.09186 0.0001
0 2 0 0 2e+06 0     0 3 7 3.19807 4.31714 0 1 1 0.01 0.111899 3.65981 0.0001
0 2 0 48.9007 2.00105e+06 0     0 5 6.99631 7.48569 4.25276 1.32869 1 1 0.01 0.111899 3.11079 0.0001
0 2 0 49.0603 2.00123e+06 0     0 6 6.99568 96.7155 3.6354 1.35517 1 1 0.01 0.111899 3.11033 0.0001
0 2 0 49.1129 2.00172e+06 0     0 7 6.99399 215.463 3.58296 1.35601 1 1 0.01 0.111899 3.11018 0.0001
0 2 0 55.1602 2.03293e+06 0     0 8 6.88645 183.298 3.59554 1.82968 1 1 0.01 0.111899 3.09379 0.0001
0 2 0 55.9224 1.08495e+07 0     0 14 1.28222 0.00352225 5.38828 1.28222 1 1 0.01 0.111899 3.09186 0.0001
0 2 0 0 2e+06 0     0 3 10 3.94191 4.39943 0 1 1 0.01 0.111899 3.65981 0.0001
0 2 0 0 2e+06 0     0 3 15 5.02787 4.48109 0 1 1 0.01 0.111899 3.65981 0.0001
0 2 0 12.6187 2.01523e+06 0     0 5 14.8866 12.5727 4.40129 3.68453 1 1 0.01 0.111899 3.30198 0.0001
0 2 0 12.6442 2.01634e+06 0     0 7 14.8783 92.4244 3.98741 3.75823 1 1 0.01 0.111899 3.3017 0.0001
0 2 0 14.0421 2.37548e+06 0     0 8 12.6274 746.907 3.54991 4.89127 1 1 0.01 0.111899 3.2869 0.0001
0 8 0 14.0973 0 1     0 18 1.60476 1.85555e-05 6.91212 1.60476 1 1 0.01 0.111899 3.28634 0.0001
0 8 0 13500 0 1     0 18 1.60476 1.85555e-05 4.91212 1.60476 1 1 0.01 0.111899 2.31746 0.0001
0 2 0 0 2e+06 0     0 3 15 5.02787 4.48109 0 1 1 0.01 0.111899 3.65981 0.0001
0 2 0 12.6187 2.01523e+06 0     0 5 14.8866 12.5727 4.40129 3.68453 1 1 0.01 0.111899 3.30198 0.0001
0 2 0 12.6442 2.01634e+06 0     0 7 14.8783 92.4244 3.98741 3.75823 1 1 0.01 0.111899 3.3017 0.0001
0 2 0 14.0421 2.37548e+06 0     0 8 12.6274 746.907 3.54991 4.89127 1 1 0.01 0.111899 3.2869 0.0001
0 8 0 14.0973 0 1     0 18 1.60476 1.85555e-05 6.91212 1.60476 1 1 0.01 0.111899 3.28634 0.0001
0 8 0 13500 0 1     0 18 1.60476 1.85555e-05 4.91212 1.60476 1 1 0.01 0.111899 2.31746 0.0001
0 2 0 0 2e+06 0     0 3 15 5.02787 4.48109 0 1 1 0.01 0.111899 3.65981 0.0001
0 2 0 12.6187 2.01523e+06 0     0 5 14.8866 12.5727 4.40129 3.68453 1 1 0.01 0.111899 3.30198 0.0001
0 2 0 12.6442 2.01634e+06 0     0 7 14.8783 92.4244 3.98741 3.75823 1 1 0.01 0.111899 3.3017 0.0001
0 2 0 14.0421 2.37548e+06 0     0 8 12.6274 746.907 3.54991 4.89127 1 1 0.01 0.111899 3.2869 0.0001
0 8 0 14.0973 0 1     0 18 1.60476 1.85555e-05 6.91212 1.60476 1 1 0.01 0.111899 3.28634 0.0001
0 8 0 13500 0 1     0 18 1.60476 1.85555e-05 4.91212 1.60476 1 1 0.01 0.111899 2.31746 0.0001
0 2 0 0 2e+06 0     0 3 15 5.02787 4.48109 0 1 1 0.01 0.111899 3.65981 0.0001
0 2 0 12.6187 2.01523e+06 0     0 5 14.8866 12.5727 4.40129 3.68453 1 1 0.01 0.111899 3.30198 0.0001
0 2 0 12.6442 2.01634e+06 0     0 7 14.8783 92.4244 3.98741 3.75823 1 1 0.01 0.111899 3.3017 0.0001
0 2 0 14.0421 2.37548e+06 0     0 8 12.6274 746.907 3.54991 4.89127 1 1 0.01 0.111899 3.2869 0.0001
0 8 0 14.0973 0 1     0 18 1.60476 1.85555e-05 6.91212 1.60476 1 1 0.01 0.111899 3.28634 0.0001
0 8 0 13500 0 1     0 18 1.60476 1.85555e-05 4.91212 1.60476 1 1 0.01 0.111899 2.31746 0.0001
0 2 0 0 2e+06 0     0 2 0.07 0.10294 4.2357 0.0007 1 1 0.01 0.111899 3.65981 0.0001
0 2 0 13500 2e+06 0     0 2 0.07 0.10294 2.89334 0.0007 1 1 0.01 0.111899 2.31746 0.0001
0 2 0 0 2e+06 0     0 2 0.07 0.10294 4.2357 0.0007 1 1 0.01 0.111899 3.65981 0.0001
0 2 0 13500 2e+06 0     0 2 0.07 0.10294 2.89334 0.0007 1 1 0.01 0.111899 2.31746 0.0001
0 2 0 0 200000 0     0 2 0.07 0.10294 4.2357 0.0007 1 1 0.01 0.111899 3.65981 0.0001
0 2 0 13500 200000 0     0 2 0.07 0.10294 2.89334 0.0007 1 1 0.01 0.111899 2.31746 0.0001
0 2 0 0 200000 0     0 2 0.03 0.106747 3.98495 0.0003 1 1 0.01 0.111899 3.65981 0.0001
0 2 0 13500 200000 0     0 2 0.03 0.106747 2.64259 0.0003 1 1 0.01 0.111899 2.31746 0.0001
0 2 0 0 200000 0     0 2 0.03 0.106747 3.98495 0.0003 1 1 0.01 0.111899 3.65981 0.0001
0 2 0 13500 200000 0     0 2 0.03 0.106747 2.64259 0.0003 1 1 0.01 0.111899 2.31746 0.0001
0 2 0 0 200000 0     0 2 0.03 0.106747 3.98495 0.0003 1 1 0.01 0.111899 3.65981 0.0001
0 2 0 13500 200000 0     0 2 0.03 0.106747 2.64259 0.0003 1 1 0.01 0.111899 2.31746 0.0001
0 2 0 0 200000 0     0 2 0.03 0.106747 3.98495 0.0003 1 1 0.01 0.111899 3.65981 0.0001
0 2 0 13500 200000 0     0 2 0.03 0.106747 2.64259 0.0003 1 1 0.01 0.111899 2.31746 0.0001
0 2 0 0 200000 0     0 2 0.03 0.106747 3.98495 0.0003 1 1 0.01 0.111899 3.65981 0.0001
0 2 0 13500 200000 0     0 2 0.03 0.106747 2.64259 0.0003 1 1 0.01 0.111899 2.31746 0.0001
0 2 0 0 200000 0     0 2 0.03 0.106747 3.98495 0.0003 1 1 0.01 0.111899 3.65981 0.0001
0 2 0 13500 200000 0     0 2 0.03 0.106747 2.64259 0.0003 1 1 0.01 0.111899 2.31746 0.0001
0 2 0 0 200000 0     0 2 0.03 0.106747 3.98495 0.0003 1 1 0.01 0.111899 3.65981 0.0001
0 2 0 13500 200000 0     0 2 0.03 0.106747 2.64259 0.0003 1 1 0.01 0.111899 2.31746 0.0001
0 2 0 0 200000 0     0 3 0.6 0.557008 3.59622 0 1 1 0.01 0.111899 3.65981 0.0001
0 2 0 13500 200000 0     0 3 0.6 0.575419 3.60173 0 1 1 0.01 0.111899 2.31746 0.0001
0 2 0 0 200000 0     0 3 0.6 0.557008 3.59622 0 1 1 0.01 0.111899 3.65981 0.0001
0 2 0 13500 200000 0     0 3 0.6 0.575419 3.60173 0 1 1 0.01 0.111899 2.31746 0.0001
0 2 0 0 200000 0     0 3 0.61 0.567007 3.59909 0 1 1 0.01 0.111899 3.65981 0.0001
0 2 0 13500 200000 0     0 3 0.61 0.586679 3.60539 0 1 1 0.01 0.111899 2.31746 0.0001
0 2 0 0 200000 0     0 3 0.61 0.567007 3.59909 0 1 1 0.01 0.111899 3.65981 0.0001
0 2 0 13500 200000 0     0 3 0.61 0.586679 3.60539 0 1 1 0.01 0.111899 2.31746 0.0001
0 2 0 0 200000 0     0 3 1 0.888249 3.74783 0 1 1 0.01 0.111899 3.65981 0.0001
0 2 0 11003.1 200000 0     0 5 1 1.62398 3.73745 0.111192 1 1 0.01 0.111899 2.34632 0.0001
0 2 0 11582.7 200104 0     0 6 0.999477 2.20071 3.68995 0.148492 1 1 0.01 0.111899 2.33908 0.0001
0 2 0 12326.2 265989 0     0 7 0.749429 11.2676 3.67608 0.476723 1 1 0.01 0.111899 2.33029 0.0001
0 2 0 12457.7 286641 0     0 8 0.694714 25.4459 3.61113 0.512226 1 1 0.01 0.111899 2.3288 0.0001
0 2 0 12462.2 384717 0     0 12 0.515061 0.022521 4.9854 0.515061 1 1 0.01 0.111899 2.32875 0.0001
0 2 0 0 200000 0     0 3 0.6 0.557008 3.59622 0 1 1 0.01 0.111899 3.65981 0.0001
0 2 0 13500 200000 0     0 3 0.6 0.575419 3.60173 0 1 1 0.01 0.111899 2.31746 0.0001
0 2 0 0 200000 0     0 3 0.6 0.557008 3.59622 0 1 1 0.01 0.111899 3.65981 0.0001
0 2 0 13500 200000 0     0 3 0.6 0.575419 3.60173 0 1 1 0.01 0.111899 2.31746 0.0001
0 2 0 0 200000 0     0 3 0.8 0.729209 3.67312 0 1 1 0.01 0.111899 3.65981 0.0001
0 2 0 13500 200000 0     0 3 0.8 0.81002 3.70099 0 1 1 0.01 0.111899 2.31746 0.0001
0 2 0 0 200000 0     0 3 2 1.61021 3.95802 0 1 1 0.01 0.111899 3.65981 0.0001
0 2 0 1164.16 200000 0     0 5 2 3.56569 3.87881 0.202998 1 1 0.01 0.111899 2.66336 0.0001
0 2 0 1173.58 200012 0     0 6 1.99988 5.84004 3.70436 0.211209 1 1 0.01 0.111899 2.66222 0.0001
0 2 0 1196.51 200302 0     0 7 1.99697 27.6702 3.63704 0.318535 1 1 0.01 0.111899 2.65949 0.0001
0 2 0 1489.39 203101 0     0 8 1.96931 20.3157 3.65044 0.53935 1 1 0.01 0.111899 2.62859 0.0001
0 2 0 1495.93 628386 0     0 12 0.629734 0.016108 5.05817 0.629734 1 1 0.01 0.111899 2.62797 0.0001
0 2 0 0 200000 0     0 3 1.5 1.43716 3.84877 0 1 1 0.01 0.111899 3.65981 0.0001
0 2 0 2729.25 200000 0     0 5 1.5 2.67517 3.80323 0.159821 1 1 0.01 0.111899 2.5431 0.0001
0 2 0 2804.16 200034 0     0 6 1.49974 3.43252 3.70437 0.176062 1 1 0.01 0.111899 2.53928 0.0001
0 2 0 2962.59 209125 0     0 7 1.43411 12.4527 3.66678 0.475023 1 1 0.01 0.111899 2.53152 0.0001
0 2 0 3094.18 213838 0     0 8 1.40228 24.6726 3.63251 0.518039 1 1 0.01 0.111899 2.52539 0.0001
0 2 0 3099.35 518838 0     0 12 0.57207 0.0188155 5.02443 0.57207 1 1 0.01 0.111899 2.52515 0.0001
0 2 0 0 200000 0     0 3 1.5 1.43716 3.84877 0 1 1 0.01 0.111899 3.65981 0.0001
0 2 0 2729.25 200000 0     0 5 1.5 2.67517 3.80323 0.159821 1 1 0.01 0.111899 2.5431 0.0001
0 2 0 2804.16 200034 0     0 6 1.49974 3.43252 3.70437 0.176062 1 1 0.01 0.111899 2.53928 0.0001
0 2 0 2962.59 209125 0     0 7 1.43411 12.4527 3.66678 0.475023 1 1 0.01 0.111899 2.53152 0.0001
0 2 0 3094.18 213838 0     0 8 1.40228 24.6726 3.63251 0.518039 1 1 0.01 0.111899 2.52539 0.0001
0 2 0 3099.35 518838 0     0 12 0.57207 0.0188155 5.02443 0.57207 1 1 0.01 0.111899 2.52515 0.0001
0 2 0 0 200000 0     0 3 1.5 1.43716 3.84877 0 1 1 0.01 0.111899 3.65981 0.0001
0 2 0 2729.25 200000 0     0 5 1.5 2.67517 3.80323 0.159821 1 1 0.01 0.111899 2.5431 0.0001
0 2 0 2804.16 200034 0     0 6 1.49974 3.43252 3.70437 0.176062 1 1 0.01 0.111899 2.53928 0.0001
0 2 0 2962.59 209125 0     0 7 1.43411 12.4527 3.66678 0.475023 1 1 0.01 0.111899 2.53152 0.0001
0 2 0 3094.18 213838 0     0 8 1.40228 24.6726 3.63251 0.518039 1 1 0.01 0.111899 2.52539 0.0001
0 2 0 3099.35 518838 0     0 12 0.57207 0.0188155 5.02443 0.57207 1 1 0.01 0.111899 2.52515 0.0001
0 2 0 0 200000 0     0 3 1.5 1.43716 3.84877 0 1 1 0.01 0.111899 3.65981 0.0001
0 2 0 2729.25 200000 0     0 5 1.5 2.67517 3.80323 0.159821 1 1 0.01 0.111899 2.5431 0.0001
0 2 0 2804.16 200034 0     0 6 1.49974 3.43252 3.70437 0.176062 1 1 0.01 0.111899 2.53928 0.0001
0 2 0 2962.59 209125 0     0 7 1.43411 12.4527 3.66678 0.475023 1 1 0.01 0.111899 2.53152 0.0001
0 2 0 3094.18 213838 0     0 8 1.40228 24.6726 3.63251 0.518039 1 1 0.01 0.111899 2.52539 0.0001
0 2 0 3099.35 518838 0     0 12 0.57207 0.0188155 5.02443 0.57207 1 1 0.01 0.111899 2.52515 0.0001
0 2 0 0 200000 0     0 3 1.5 1.43716 3.84877 0 1 1 0.01 0.111899 3.65981 0.0001
0 2 0 2729.25 200000 0     0 5 1.5 2.67517 3.80323 0.159821 1 1 0.01 0.111899 2.5431 0.0001
0 2 0 2804.16 200034 0     0 6 1.49974 3.43252 3.70437 0.176062 1 1 0.01 0.111899 2.53928 0.0001
0 2 0 2962.59 209125 0     0 7 1.43411 12.4527 3.66678 0.475023 1 1 0.01 0.111899 2.53152 0.0001
0 2 0 3094.18 213838 0     0 8 1.40228 24.6726 3.63251 0.518039 1 1 0.01 0.111899 2.52539 0.0001
0 2 0 3099.35 518838 0     0 12 0.57207 0.0188155 5.02443 0.57207 1 1 0.01 0.111899 2.52515 0.0001
0 2 0 0 200000 0     0 3 1.5 1.43716 3.84877 0 1 1 0.01 0.111899 3.65981 0.0001
0 2 0 2729.25 200000 0     0 5 1.5 2.67517 3.80323 0.159821 1 1 0.01 0.111899 2.5431 0.0001
0 2 0 2804.16 200034 0     0 6 1.49974 3.43252 3.70437 0.176062 1 1 0.01 0.111899 2.53928 0.0001
0 2 0 2962.59 209125 0     0 7 1.43411 12.4527 3.66678 0.475023 1 1 0.01 0.111899 2.53152 0.0001
0 2 0 3094.18 213838 0     0 8 1.40228 24.6726 3.63251 0.518039 1 1 0.01 0.111899 2.52539 0.0001
0 2 0 3099.35 518838 0     0 12 0.57207 0.0188155 5.02443 0.57207 1 1 0.01 0.111899 2.52515 0.0001
0 2 0 0 200000 0     0 3 1.5 1.43716 3.84877 0 1 1 0.01 0.111899 3.65981 0.0001
0 2 0 2729.25 200000 0     0 5 1.5 2.67517 3.80323 0.159821 1 1 0.01 0.111899 2.5431 0.0001
0 2 0 2804.16 200034 0     0 6 1.49974 3.43252 3.70437 0.176062 1 1 0.01 0.111899 2.53928 0.0001
0 2 0 2962.59 209125 0     0 7 1.43411 12.4527 3.66678 0.475023 1 1 0.01 0.111899 2.53152 0.0001
0 2 0 3094.18 213838 0     0 8 1.40228 24.6726 3.63251 0.518039 1 1 0.01 0.111899 2.52539 0.0001
0 2 0 3099.35 518838 0     0 12 0.57207 0.0188155 5.02443 0.57207 1 1 0.01 0.111899 2.52515 0.0001
0 2 0 0 200000 0     0 3 0.085 0.142089 3.37474 0 1 1 0.01 0.111899 3.65981 0.0001
0 2 0 13500 200000 0     0 3 0.085 0.142089 3.37484 0 1 1 0.01 0.111899 2.31746 0.0001
0 2 0 0 200000 0     0 3 25.5 6.98263 4.56524 0 1 1 0.01 0.111899 3.65981 0.0001
0 2 0 6.75026 203325 0     0 5 25.0829 20.041 4.44011 7.45402 1 1 0.01 0.111899 3.39028 0.0001
0 2 0 6.76046 203790 0     0 7 25.0256 892.607 3.61837 7.6031 1 1 0.01 0.111899 3.39007 0.0001
0 2 0 7.49931 324633 0     0 8 15.7062 1556.92 3.52247 9.65833 1 1 0.01 0.111899 3.37543 0.0001
0 8 0 7.51454 0 1     0 19 8.18104 3.47694e-05 5.49058 8.18104 1 1 0.01 0.111899 3.37515 0.0001
0 8 0 13500 0 1     0 19 8.18104 3.47694e-05 5.49058 8.18104 1 1 0.01 0.111899 2.31746 0.0001
0 2 0 0 200000 0     0 3 1.5 1.43716 3.84877 0 1 1 0.01 0.111899 3.65981 0.0001
0 2 0 2729.25 200000 0     0 5 1.5 2.67517 3.80323 0.159821 1 1 0.01 0.111899 2.5431 0.0001
0 2 0 2804.16 200034 0     0 6 1.49974 3.43252 3.70437 0.176062 1 1 0.01 0.111899 2.53928 0.0001
0 2 0 2962.59 209125 0     0 7 1.43411 12.4527 3.66678 0.475023 1 1 0.01 0.111899 2.53152 0.0001
0 2 0 3094.18 213838 0     0 8 1.40228 24.6726 3.63251 0.518039 1 1 0.01 0.111899 2.52539 0.0001
0 2 0 3099.35 518838 0     0 12 0.57207 0.0188155 5.02443 0.57207 1 1 0.01 0.111899 2.52515 0.0001
0 2 0 0 200000 0     0 3 1.5 1.43716 3.84877 0 1 1 0.01 0.111899 3.65981 0.0001
0 2 0 2729.25 200000 0     0 5 1.5 2.67517 3.80323 0.159821 1 1 0.01 0.111899 2.5431 0.0001
0 2 0 2804.16 200034 0     0 6 1.49974 3.43252 3.70437 0.176062 1 1 0.01 0.111899 2.53928 0.0001
0 2 0 2962.59 209125 0     0 7 1.43411 12.4527 3.66678 0.475023 1 1 0.01 0.111899 2.53152 0.0001
0 2 0 3094.18 213838 0     0 8 1.40228 24.6726 3.63251 0.518039 1 1 0.01 0.111899 2.52539 0.0001
0 2 0 3099.35 518838 0     0 12 0.57207 0.0188155 5.02443 0.57207 1 1 0.01 0.111899 2.52515 0.0001
0 2 0 0 200000 0     0 3 1.5 1.43716 3.84877 0 1 1 0.01 0.111899 3.65981 0.0001
0 2 0 2729.25 200000 0     0 5 1.5 2.67517 3.80323 0.159821 1 1 0.01 0.111899 2.5431 0.0001
0 2 0 2804.16 200034 0     0 6 1.49974 3.43252 3.70437 0.176062 1 1 0.01 0.111899 2.53928 0.0001
0 2 0 2962.59 209125 0     0 7 1.43411 12.4527 3.66678 0.475023 1 1 0.01 0.111899 2.53152 0.0001
0 2 0 3094.18 213838 0     0 8 1.40228 24.6726 3.63251 0.518039 1 1 0.01 0.111899 2.52539 0.0001
0 2 0 3099.35 518838 0     0 12 0.57207 0.0188155 5.02443 0.57207 1 1 0.01 0.111899 2.52515 0.0001
0 2 0 0 200000 0     0 3 1.5 1.43716 3.84877 0 1 1 0.01 0.111899 3.65981 0.0001
0 2 0 2729.25 200000 0     0 5 1.5 2.67517 3.80323 0.159821 1 1 0.01 0.111899 2.5431 0.0001
0 2 0 2804.16 200034 0     0 6 1.49974 3.43252 3.70437 0.176062 1 1 0.01 0.111899 2.53928 0.0001
0 2 0 2962.59 209125 0     0 7 1.43411 12.4527 3.66678 0.475023 1 1 0.01 0.111899 2.53152 0.0001
0 2 0 3094.18 213838 0     0 8 1.40228 24.6726 3.63251 0.518039 1 1 0.01 0.111899 2.52539 0.0001
0 2 0 3099.35 518838 0     0 12 0.57207 0.0188155 5.02443 0.57207 1 1 0.01 0.111899 2.52515 0.0001
0 2 0 0 200000 0     0 3 1.5 1.43716 3.84877 0 1 1 0.01 0.111899 3.65981 0.0001
0 2 0 2729.25 200000 0     0 5 1.5 2.67517 3.80323 0.159821 1 1 0.01 0.111899 2.5431 0.0001
0 2 0 2804.16 200034 0     0 6 1.49974 3.43252 3.70437 0.176062 1 1 0.01 0.111899 2.53928 0.0001
0 2 0 2962.59 209125 0     0 7 1.43411 12.4527 3.66678 0.475023 1 1 0.01 0.111899 2.53152 0.0001
0 2 0 3094.18 213838 0     0 8 1.40228 24.6726 3.63251 0.518039 1 1 0.01 0.111899 2.52539 0.0001
0 2 0 3099.35 518838 0     0 12 0.57207 0.0188155 5.02443 0.57207 1 1 0.01 0.111899 2.52515 0.0001
0 2 0 0 200000 0     0 3 1.4 1.37233 3.82523 0 1 1 0.01 0.111899 3.65981 0.0001
0 2 0 3371.53 200000 0     0 5 1.4 2.37381 3.79727 0.150359 1 1 0.01 0.111899 2.51327 0.0001
0 2 0 3502.81 200048 0     0 6 1.39966 3.10401 3.70282 0.169853 1 1 0.01 0.111899 2.50788 0.0001
0 2 0 3731.05 213243 0     0 7 1.31243 12.4704 3.6648 0.475597 1 1 0.01 0.111899 2.49897 0.0001
0 2 0 3862.56 218987 0     0 8 1.27775 24.8471 3.6285 0.516062 1 1 0.01 0.111899 2.49408 0.0001
0 2 0 3867.6 495915 0     0 12 0.558646 0.019688 5.01459 0.558646 1 1 0.01 0.111899 2.4939 0.0001
0 2 0 0 200000 0     0 3 1.2 1.14042 3.78827 0 1 1 0.01 0.111899 3.65981 0.0001
0 2 0 5615.54 200000 0     0 5 1.2 2.00438 3.76623 0.130534 1 1 0.01 0.111899 2.44126 0.0001
0 2 0 5911.26 200074 0     0 6 1.19955 2.58411 3.69777 0.158551 1 1 0.01 0.111899 2.43402 0.0001
0 2 0 6377.62 230591 0     0 7 1.03948 12.3867 3.66188 0.476164 1 1 0.01 0.111899 2.4233 0.0001
0 2 0 6509.12 240484 0     0 8 0.996302 25.2084 3.61978 0.513509 1 1 0.01 0.111899 2.42042 0.0001
0 2 0 6513.84 446116 0     0 12 0.532459 0.0213901 4.99658 0.532459 1 1 0.01 0.111899 2.42032 0.0001
0 2 0 0 200000 0     0 3 1 0.888249 3.74783 0 1 1 0.01 0.111899 3.65981 0.0001
0 2 0 11003.1 200000 0     0 5 1 1.62398 3.73745 0.111192 1 1 0.01 0.111899 2.34632 0.0001
0 2 0 11582.7 200104 0     0 6 0.999477 2.20071 3.68995 0.148492 1 1 0.01 0.111899 2.33908 0.0001
0 2 0 12326.2 265989 0     0 7 0.749429 11.2676 3.67608 0.476723 1 1 0.01 0.111899 2.33029 0.0001
0 2 0 12457.7 286641 0     0 8 0.694714 25.4459 3.61113 0.512226 1 1 0.01 0.111899 2.3288 0.0001
0 2 0 12462.2 384717 0     0 12 0.515061 0.022521 4.9854 0.515061 1 1 0.01 0.111899 2.32875 0.0001
0 2 0 0 200000 0     0 3 1 0.888249 3.74783 0 1 1 0.01 0.111899 3.65981 0.0001
0 2 0 11003.1 200000 0     0 5 1 1.62398 3.73745 0.111192 1 1 0.01 0.111899 2.34632 0.0001
0 2 0 11582.7 200104 0     0 6 0.999477 2.20071 3.68995 0.148492 1 1 0.01 0.111899 2.33908 0.0001
0 2 0 12326.2 265989 0     0 7 0.749429 11.2676 3.67608 0.476723 1 1 0.01 0.111899 2.33029 0.0001
0 2 0 12457.7 286641 0     0 8 0.694714 25.4459 3.61113 0.512226 1 1 0.01 0.111899 2.3288 0.0001
0 2 0 12462.2 384717 0     0 12 0.515061 0.022521 4.9854 0.515061 1 1 0.01 0.111899 2.32875 0.0001
0 2 0 0 200000 0     0 3 1 0.888249 3.74783 0 1 1 0.01 0.111899 3.65981 0.0001
0 2 0 11003.1 200000 0     0 5 1 1.62398 3.73745 0.111192 1 1 0.01 0.111899 2.34632 0.0001
0 2 0 11582.7 200104 0     0 6 0.999477 2.20071 3.68995 0.148492 1 1 0.01 0.111899 2.33908 0.0001
0 2 0 12326.2 265989 0     0 7 0.749429 11.2676 3.67608 0.476723 1 1 0.01 0.111899 2.33029 0.0001
0 2 0 12457.7 286641 0     0 8 0.694714 25.4459 3.61113 0.512226 1 1 0.01 0.111899 2.3288 0.0001
0 2 0 12462.2 384717 0     0 12 0.515061 0.022521 4.9854 0.515061 1 1 0.01 0.111899 2.32875 0.0001
0 2 0 0 200000 0     0 3 1 0.888249 3.74783 0 1 1 0.01 0.111899 3.65981 0.0001
0 2 0 11003.1 200000 0     0 5 1 1.62398 3.73745 0.111192 1 1 0.01 0.111899 2.34632 0.0001
0 2 0 11582.7 200104 0     0 6 0.999477 2.20071 3.68995 0.148492 1 1 0.01 0.111899 2.33908 0.0001
0 2 0 12326.2 265989 0     0 7 0.749429 11.2676 3.67608 0.476723 1 1 0.01 0.111899 2.33029 0.0001
0 2 0 12457.7 286641 0     0 8 0.694714 25.4459 3.61113 0.512226 1 1 0.01 0.111899 2.3288 0.0001
0 2 0 12462.2 384717 0     0 12 0.515061 0.022521 4.9854 0.515061 1 1 0.01 0.111899 2.32875 0.0001
0 2 0 0 200000 0     0 3 0.8 0.729209 3.67312 0 1 1 0.01 0.111899 3.65981 0.0001
0 2 0 13500 200000 0     0 3 0.8 0.81002 3.70099 0 1 1 0.01 0.111899 2.31746 0.0001
0 2 0 0 200000 0     0 3 1 0.888249 3.74783 0 1 1 0.01 0.111899 3.65981 0.0001
0 2 0 11003.1 200000 0     0 5 1 1.62398 3.73745 0.111192 1 1 0.01 0.111899 2.34632 0.0001
0 2 0 11582.7 200104 0     0 6 0.999477 2.20071 3.68995 0.148492 1 1 0.01 0.111899 2.33908 0.0001
0 2 0 12326.2 265989 0     0 7 0.749429 11.2676 3.67608 0.476723 1 1 0.01 0.111899 2.33029 0.0001
0 2 0 12457.7 286641 0     0 8 0.694714 25.4459 3.61113 0.512226 1 1 0.01 0.111899 2.3288 0.0001
0 2 0 12462.2 384717 0     0 12 0.515061 0.022521 4.9854 0.515061 1 1 0.01 0.111899 2.32875 0.0001
0 2 0 0 200000 0     0 3 0.8 0.729209 3.67312 0 1 1 0.01 0.111899 3.65981 0.0001
0 2 0 13500 200000 0     0 3 0.8 0.81002 3.70099 0 1 1 0.01 0.111899 2.31746 0.0001
0 2 0 0 200000 0     0 3 1 0.888249 3.74783 0 1 1 0.01 0.111899 3.65981 0.0001
0 2 0 11003.1 200000 0     0 5 1 1.62398 3.73745 0.111192 1 1 0.01 0.111899 2.34632 0.0001
0 2 0 11582.7 200104 0     0 6 0.999477 2.20071 3.68995 0.148492 1 1 0.01 0.111899 2.33908 0.0001
0 2 0 12326.2 265989 0     0 7 0.749429 11.2676 3.67608 0.476723 1 1 0.01 0.111899 2.33029 0.0001
0 2 0 12457.7 286641 0     0 8 0.694714 25.4459 3.61113 0.512226 1 1 0.01 0.111899 2.3288 0.0001
0 2 0 12462.2 384717 0     0 12 0.515061 0.022521 4.9854 0.515061 1 1 0.01 0.111899 2.32875 0.0001
0 2 0 0 200000 0     0 3 1 0.888249 3.74783 0 1 1 0.01 0.111899 3.65981 0.0001
0 2 0 11003.1 200000 0     0 5 1 1.62398 3.73745 0.111192 1 1 0.01 0.111899 2.34632 0.0001
0 2 0 11582.7 200104 0     0 6 0.999477 2.20071 3.68995 0.148492 1 1 0.01 0.111899 2.33908 0.0001
0 2 0 12326.2 265989 0     0 7 0.749429 11.2676 3.67608 0.476723 1 1 0.01 0.111899 2.33029 0.0001
0 2 0 12457.7 286641 0     0 8 0.694714 25.4459 3.61113 0.512226 1 1 0.01 0.111899 2.3288 0.0001
0 2 0 12462.2 384717 0     0 12 0.515061 0.022521 4.9854 0.515061 1 1 0.01 0.111899 2.32875 0.0001
0 2 0 0 200000 0     0 3 1 0.888249 3.74783 0 1 1 0.01 0.111899 3.65981 0.0001
0 2 0 11003.1 200000 0     0 5 1 1.62398 3.73745 0.111192 1 1 0.01 0.111899 2.34632 0.0001
0 2 0 11582.7 200104 0     0 6 0.999477 2.20071 3.68995 0.148492 1 1 0.01 0.111899 2.33908 0.0001
0 2 0 12326.2 265989 0     0 7 0.749429 11.2676 3.67608 0.476723 1 1 0.01 0.111899 2.33029 0.0001
0 2 0 12457.7 286641 0     0 8 0.694714 25.4459 3.61113 0.512226 1 1 0.01 0.111899 2.3288 0.0001
0 2 0 12462.2 384717 0     0 12 0.515061 0.022521 4.9854 0.515061 1 1 0.01 0.111899 2.32875 0.0001
0 2 0 0 200000 0     0 3 1 0.888249 3.74783 0 1 1 0.01 0.111899 3.65981 0.0001
0 2 0 11003.1 200000 0     0 5 1 1.62398 3.73745 0.111192 1 1 0.01 0.111899 2.34632 0.0001
0 2 0 11582.7 200104 0     0 6 0.999477 2.20071 3.68995 0.148492 1 1 0.01 0.111899 2.33908 0.0001
0 2 0 12326.2 265989 0     0 7 0.749429 11.2676 3.67608 0.476723 1 1 0.01 0.111899 2.33029 0.0001
0 2 0 12457.7 286641 0     0 8 0.694714 25.4459 3.61113 0.512226 1 1 0.01 0.111899 2.3288 0.0001
0 2 0 12462.2 384717 0     0 12 0.515061 0.022521 4.9854 0.515061 1 1 0.01 0.111899 2.32875 0.0001
0 2 0 0 200000 0     0 3 1 0.888249 3.74783 0 1 1 0.01 0.111899 3.65981 0.0001
0 2 0 11003.1 200000 0     0 5 1 1.62398 3.73745 0.111192 1 1 0.01 0.111899 2.34632 0.0001
0 2 0 11582.7 200104 0     0 6 0.999477 2.20071 3.68995 0.148492 1 1 0.01 0.111899 2.33908 0.0001
0 2 0 12326.2 265989 0     0 7 0.749429 11.2676 3.67608 0.476723 1 1 0.01 0.111899 2.33029 0.0001
0 2 0 12457.7 286641 0     0 8 0.694714 25.4459 3.61113 0.512226 1 1 0.01 0.111899 2.3288 0.0001
0 2 0 12462.2 384717 0     0 12 0.515061 0.022521 4.9854 0.515061 1 1 0.01 0.111899 2.32875 0.0001
0 2 0 0 200000 0     0 3 1 0.888249 3.74783 0 1 1 0.01 0.111899 3.65981 0.0001
0 2 0 11003.1 200000 0     0 5 1 1.62398 3.73745 0.111192 1 1 0.01 0.111899 2.34632 0.0001
0 2 0 11582.7 200104 0     0 6 0.999477 2.20071 3.68995 0.148492 1 1 0.01 0.111899 2.33908 0.0001
0 2 0 12326.2 265989 0     0 7 0.749429 11.2676 3.67608 0.476723 1 1 0.01 0.111899 2.33029 0.0001
0 2 0 12457.7 286641 0     0 8 0.694714 25.4459 3.61113 0.512226 1 1 0.01 0.111899 2.3288 0.0001
0 2 0 12462.2 384717 0     0 12 0.515061 0.022521 4.9854 0.515061 1 1 0.01 0.111899 2.32875 0.0001
0 2 0 0 200000 0     0 3 1 0.888249 3.74783 0 1 1 0.01 0.111899 3.65981 0.0001
0 2 0 11003.1 200000 0     0 5 1 1.62398 3.73745 0.111192 1 1 0.01 0.111899 2.34632 0.0001
0 2 0 11582.7 200104 0     0 6 0.999477 2.20071 3.68995 0.148492 1 1 0.01 0.111899 2.33908 0.0001
0 2 0 12326.2 265989 0     0 7 0.749429 11.2676 3.67608 0.476723 1 1 0.01 0.111899 2.33029 0.0001
0 2 0 12457.7 286641 0     0 8 0.694714 25.4459 3.61113 0.512226 1 1 0.01 0.111899 2.3288 0.0001
0 2 0 12462.2 384717 0     0 12 0.515061 0.022521 4.9854 0.515061 1 1 0.01 0.111899 2.32875 0.0001
0 2 0 0 200000 0     0 3 1 0.888249 3.74783 0 1 1 0.01 0.111899 3.65981 0.0001
0 2 0 11003.1 200000 0     0 5 1 1.62398 3.73745 0.111192 1 1 0.01 0.111899 2.34632 0.0001
0 2 0 11582.7 200104 0     0 6 0.999477 2.20071 3.68995 0.148492 1 1 0.01 0.111899 2.33908 0.0001
0 2 0 12326.2 265989 0     0 7 0.749429 11.2676 3.67608 0.476723 1 1 0.01 0.111899 2.33029 0.0001
0 2 0 12457.7 286641 0     0 8 0.694714 25.4459 3.61113 0.512226 1 1 0.01 0.111899 2.3288 0.0001
0 2 0 12462.2 384717 0     0 12 0.515061 0.022521 4.9854 0.515061 1 1 0.01 0.111899 2.32875 0.0001
0 2 0 0 200000 0     0 3 1 0.888249 3.74783 0 1 3 0.5 0.458758 3.57497 0
0 2 0 11003.1 200000 0     0 5 1 1.62398 3.73745 0.111192 1 3 0.5 0.466474 3.57511 0
0 2 0 11582.7 200070 0     0 6 0.999477 2.20071 3.68995 0.148492 1 3 0.5 0.466889 3.57515 0
0 2 0 12326.2 240110 0     0 7 0.749429 11.2676 3.67608 0.476723 1 3 0.5 0.467423 3.57521 0
0 2 0 12457.7 251106 0     0 8 0.694714 25.4459 3.61113 0.512226 1 3 0.5 0.467518 3.57522 0
0 2 0 12462.2 295549 0     0 12 0.515061 0.022521 4.9854 0.515061 1 3 0.5 0.467521 3.57522 0
0 2 0 0 200000 0     0 3 1 0.888249 3.74783 0 1 3 0.5 0.458758 3.57497 0
0 2 0 11003.1 200000 0     0 5 1 1.62398 3.73745 0.111192 1 3 0.5 0.466474 3.57511 0
0 2 0 11582.7 200070 0     0 6 0.999477 2.20071 3.68995 0.148492 1 3 0.5 0.466889 3.57515 0
0 2 0 12326.2 240110 0     0 7 0.749429 11.2676 3.67608 0.476723 1 3 0.5 0.467423 3.57521 0
0 2 0 12457.7 251106 0     0 8 0.694714 25.4459 3.61113 0.512226 1 3 0.5 0.467518 3.57522 0
0 2 0 12462.2 295549 0     0 12 0.515061 0.022521 4.9854 0.515061 1 3 0.5 0.467521 3.57522 0
0 2 0 0 200000 0     0 3 1 0.888249 3.74783 0 1 3 0.5 0.458758 3.57497 0
0 2 0 11003.1 200000 0     0 5 1 1.62398 3.73745 0.111192 1 3 0.5 0.466474 3.57511 0
0 2 0 11582.7 200070 0     0 6 0.999477 2.20071 3.68995 0.148492 1 3 0.5 0.466889 3.57515 0
0 2 0 12326.2 240110 0     0 7 0.749429 11.2676 3.67608 0.476723 1 3 0.5 0.467423 3.57521 0
0 2 0 12457.7 251106 0     0 8 0.694714 25.4459 3.61113 0.512226 1 3 0.5 0.467518 3.57522 0
0 2 0 12462.2 295549 0     0 12 0.515061 0.022521 4.9854 0.515061 1 3 0.5 0.467521 3.57522 0
0 2 0 13500 295549 0     0 12 0.515061 0.0151498 3.95862 0.515061 1 3 0.5 0.468271 3.57531 0
0 2 0 0 200000 0     0 3 1 0.888249 3.74783 0 1 3 0.5 0.458758 3.57497 0
0 2 0 11003.1 200000 0     0 5 1 1.62398 3.73745 0.111192 1 3 0.5 0.466474 3.57511 0
0 2 0 11582.7 200070 0     0 6 0.999477 2.20071 3.68995 0.148492 1 3 0.5 0.466889 3.57515 0
0 2 0 12326.2 240110 0     0 7 0.749429 11.2676 3.67608 0.476723 1 3 0.5 0.467423 3.57521 0
0 2 0 12457.7 251106 0     0 8 0.694714 25.4459 3.61113 0.512226 1 3 0.5 0.467518 3.57522 0
0 2 0 12462.2 295549 0     0 12 0.515061 0.022521 4.9854 0.515061 1 3 0.5 0.467521 3.57522 0
0 2 0 0 200000 0     0 3 1 0.888249 3.74783 0 1 3 0.5 0.458758 3.57497 0
0 2 0 11003.1 200000 0     0 5 1 1.62398 3.73745 0.111192 1 3 0.5 0.466474 3.57511 0
0 2 0 11582.7 200070 0     0 6 0.999477 2.20071 3.68995 0.148492 1 3 0.5 0.466889 3.57515 0
0 2 0 12326.2 240110 0     0 7 0.749429 11.2676 3.67608 0.476723 1 3 0.5 0.467423 3.57521 0
0 2 0 12457.7 251106 0     0 8 0.694714 25.4459 3.61113 0.512226 1 3 0.5 0.467518 3.57522 0
0 2 0 12462.2 295549 0     0 12 0.515061 0.022521 4.9854 0.515061 1 3 0.5 0.467521 3.57522 0
0 2 0 0 200000 0     0 3 1 0.888249 3.74783 0 1 3 0.5 0.458758 3.57497 0
0 2 0 11003.1 200000 0     0 5 1 1.62398 3.73745 0.111192 1 3 0.5 0.466474 3.57511 0
0 2 0 11582.7 200070 0     0 6 0.999477 2.20071 3.68995 0.148492 1 3 0.5 0.466889 3.57515 0
0 2 0 12326.2 240110 0     0 7 0.749429 11.2676 3.67608 0.476723 1 3 0.5 0.467423 3.57521 0
0 2 0 12457.7 251106 0     0 8 0.694714 25.4459 3.61113 0.512226 1 3 0.5 0.467518 3.57522 0
0 2 0 12462.2 295549 0     0 12 0.515061 0.022521 4.9854 0.515061 1 3 0.5 0.467521 3.57522 0
0 2 0 0 200000 0     0 3 1 0.888249 3.74783 0 1 3 0.5 0.458758 3.57497 0
0 2 0 11003.1 200000 0     0 5 1 1.62398 3.73745 0.111192 1 3 0.5 0.466474 3.57511 0
0 2 0 11582.7 200070 0     0 6 0.999477 2.20071 3.68995 0.148492 1 3 0.5 0.466889 3.57515 0
0 2 0 12326.2 240110 0     0 7 0.749429 11.2676 3.67608 0.476723 1 3 0.5 0.467423 3.57521 0
0 2 0 12457.7 251106 0     0 8 0.694714 25.4459 3.61113 0.512226 1 3 0.5 0.467518 3.57522 0
0 2 0 12462.2 295549 0     0 12 0.515061 0.022521 4.9854 0.515061 1 3 0.5 0.467521 3.57522 0
0 2 0 0 200000 0     0 3 1 0.888249 3.74783 0 1 3 0.5 0.458758 3.57497 0
0 2 0 11003.1 200000 0     0 5 1 1.62398 3.73745 0.111192 1 3 0.5 0.466474 3.57511 0
0 2 0 11582.7 200070 0     0 6 0.999477 2.20071 3.68995 0.148492 1 3 0.5 0.466889 3.57515 0
0 2 0 12326.2 240110 0     0 7 0.749429 11.2676 3.67608 0.476723 1 3 0.5 0.467423 3.57521 0
0 2 0 12457.7 251106 0     0 8 0.694714 25.4459 3.61113 0.512226 1 3 0.5 0.467518 3.57522 0
0 2 0 12462.2 295549 0     0 12 0.515061 0.022521 4.9854 0.515061 1 3 0.5 0.467521 3.57522 0
0 2 0 0 200000 0     0 3 1 0.888249 3.74783 0 1 3 0.5 0.458758 3.57497 0
0 2 0 11003.1 200000 0     0 5 1 1.62398 3.73745 0.111192 1 3 0.5 0.466474 3.57511 0
0 2 0 11582.7 200070 0     0 6 0.999477 2.20071 3.68995 0.148492 1 3 0.5 0.466889 3.57515 0
0 2 0 12326.2 240110 0     0 7 0.749429 11.2676 3.67608 0.476723 1 3 0.5 0.467423 3.57521 0
0 2 0 12457.7 251106 0     0 8 0.694714 25.4459 3.61113 0.512226 1 3 0.5 0.467518 3.57522 0
0 2 0 12462.2 295549 0     0 12 0.515061 0.022521 4.9854 0.515061 1 3 0.5 0.467521 3.57522 0
0 2 0 0 200000 0     0 3 1 0.888249 3.74783 0 1 3 0.5 0.458758 3.57497 0
0 2 0 11003.1 200000 0     0 5 1 1.62398 3.73745 0.111192 1 3 0.5 0.466474 3.57511 0
0 2 0 11582.7 200070 0     0 6 0.999477 2.20071 3.68995 0.148492 1 3 0.5 0.466889 3.57515 0
0 2 0 12326.2 240110 0     0 7 0.749429 11.2676 3.67608 0.476723 1 3 0.5 0.467423 3.57521 0
0 2 0 12457.7 251106 0     0 8 0.694714 25.4459 3.61113 0.512226 1 3 0.5 0.467518 3.57522 0
0 2 0 12462.2 295549 0     0 12 0.515061 0.022521 4.9854 0.515061 1 3 0.5 0.467521 3.57522 0
0 2 0 13500 295549 0     0 12 0.515061 0.0151498 3.95862 0.515061 1 3 0.5 0.468271 3.57531 0
0 2 0 0 200000 0     0 3 1 0.888249 3.74783 0 1 3 0.5 0.458758 3.57497 0
0 2 0 11003.1 200000 0     0 5 1 1.62398 3.73745 0.111192 1 3 0.5 0.466474 3.57511 0
0 2 0 11582.7 200070 0     0 6 0.999477 2.20071 3.68995 0.148492 1 3 0.5 0.466889 3.57515 0
0 2 0 12326.2 240110 0     0 7 0.749429 11.2676 3.67608 0.476723 1 3 0.5 0.467423 3.57521 0
0 2 0 12457.7 251106 0     0 8 0.694714 25.4459 3.61113 0.512226 1 3 0.5 0.467518 3.57522 0
0 2 0 12462.2 295549 0     0 12 0.515061 0.022521 4.9854 0.515061 1 3 0.5 0.467521 3.57522 0
0 2 0 13500 295549 0     0 12 0.515061 0.0151498 3.95862 0.515061 1 3 0.5 0.468271 3.57531 0
0 2 0 0 200000 0     0 3 1 0.888249 3.74783 0 1 3 0.5 0.458758 3.57497 0
0 2 0 11003.1 200000 0     0 5 1 1.62398 3.73745 0.111192 1 3 0.5 0.466474 3.57511 0
0 2 0 11582.7 200070 0     0 6 0.999477 2.20071 3.68995 0.148492 1 3 0.5 0.466889 3.57515 0
0 2 0 12326.2 240110 0     0 7 0.749429 11.2676 3.67608 0.476723 1 3 0.5 0.467423 3.57521 0
0 2 0 12457.7 251106 0     0 8 0.694714 25.4459 3.61113 0.512226 1 3 0.5 0.467518 3.57522 0
0 2 0 12462.2 295549 0     0 12 0.515061 0.022521 4.9854 0.515061 1 3 0.5 0.467521 3.57522 0
0 2 0 0 200000 0     0 3 1 0.888249 3.74783 0 1 3 0.5 0.458758 3.57497 0
0 2 0 11003.1 200000 0     0 5 1 1.62398 3.73745 0.111192 1 3 0.5 0.466474 3.57511 0
0 2 0 11582.7 200070 0     0 6 0.999477 2.20071 3.68995 0.148492 1 3 0.5 0.466889 3.57515 0
0 2 0 12326.2 240110 0     0 7 0.749429 11.2676 3.67608 0.476723 1 3 0.5 0.467423 3.57521 0
0 2 0 12457.7 251106 0     0 8 0.694714 25.4459 3.61113 0.512226 1 3 0.5 0.467518 3.57522 0
0 2 0 12462.2 295549 0     0 12 0.515061 0.022521 4.9854 0.515061 1 3 0.5 0.467521 3.57522 0
0 2 0 0 200000 0     0 3 1 0.888249 3.74783 0 1 3 0.5 0.458758 3.57497 0
0 2 0 11003.1 200000 0     0 5 1 1.62398 3.73745 0.111192 1 3 0.5 0.466474 3.57511 0
0 2 0 11582.7 200070 0     0 6 0.999477 2.20071 3.68995 0.148492 1 3 0.5 0.466889 3.57515 0
0 2 0 12326.2 240110 0     0 7 0.749429 11.2676 3.67608 0.476723 1 3 0.5 0.467423 3.57521 0
0 2 0 12457.7 251106 0     0 8 0.694714 25.4459 3.61113 0.512226 1 3 0.5 0.467518 3.57522 0
0 2 0 12462.2 295549 0     0 12 0.515061 0.022521 4.9854 0.515061 1 3 0.5 0.467521 3.57522 0
0 2 0 0 200000 0     0 3 1 0.888249 3.74783 0 1 3 0.5 0.458758 3.57497 0
0 2 0 11003.1 200000 0     0 5 1 1.62398 3.73745 0.111192 1 3 0.5 0.466474 3.57511 0
0 2 0 11582.7 200070 0     0 6 0.999477 2.20071 3.68995 0.148492 1 3 0.5 0.466889 3.57515 0
0 2 0 12326.2 240110 0     0 7 0.749429 11.2676 3.67608 0.476723 1 3 0.5 0.467423 3.57521 0
0 2 0 12457.7 251106 0     0 8 0.694714 25.4459 3.61113 0.512226 1 3 0.5 0.467518 3.57522 0
0 2 0 12462.2 295549 0     0 12 0.515061 0.022521 4.9854 0.515061 1 3 0.5 0.467521 3.57522 0
0 2 0 13500 295549 0     0 12 0.515061 0.0151498 3.95862 0.515061 1 3 0.5 0.468271 3.57531 0
0 2 0 0 200000 0     0 3 1 0.888249 3.74783 0 1 3 0.5 0.458758 3.57497 0
0 2 0 11003.1 200000 0     0 5 1 1.62398 3.73745 0.111192 1 3 0.5 0.466474 3.57511 0
0 2 0 11582.7 200070 0     0 6 0.999477 2.20071 3.68995 0.148492 1 3 0.5 0.466889 3.57515 0
0 2 0 12326.2 240110 0     0 7 0.749429 11.2676 3.67608 0.476723 1 3 0.5 0.467423 3.57521 0
0 2 0 12457.7 251106 0     0 8 0.694714 25.4459 3.61113 0.512226 1 3 0.5 0.467518 3.57522 0
0 2 0 12462.2 295549 0     0 12 0.515061 0.022521 4.9854 0.515061 1 3 0.5 0.467521 3.57522 0
0 2 0 13500 295549 0     0 12 0.515061 0.0151498 3.95862 0.515061 1 3 0.5 0.468271 3.57531 0
0 2 0 0 200000 0     0 3 1 0.888249 3.74783 0 1 3 0.5 0.458758 3.57497 0
0 2 0 11003.1 200000 0     0 5 1 1.62398 3.73745 0.111192 1 3 0.5 0.466474 3.57511 0
0 2 0 11582.7 200070 0     0 6 0.999477 2.20071 3.68995 0.148492 1 3 0.5 0.466889 3.57515 0
0 2 0 12326.2 240110 0     0 7 0.749429 11.2676 3.67608 0.476723 1 3 0.5 0.467423 3.57521 0
0 2 0 12457.7 251106 0     0 8 0.694714 25.4459 3.61113 0.512226 1 3 0.5 0.467518 3.57522 0
0 2 0 12462.2 295549 0     0 12 0.515061 0.022521 4.9854 0.515061 1 3 0.5 0.467521 3.57522 0
0 2 0 13500 295549 0     0 12 0.515061 0.0151498 3.95862 0.515061 1 3 0.5 0.468271 3.57531 0
0 2 0 0 200000 0     0 3 2 1.61021 3.95802 0 1 3 0.5 0.458758 3.57497 0
0 2 0 1164.16 200000 0     0 5 2 3.56569 3.87881 0.202998 1 3 0.5 0.459564 3.57492 0
0 2 0 1173.58 200009 0     0 6 1.99988 5.84004 3.70436 0.211209 1 3 0.5 0.45957 3.57492 0
0 2 0 1196.51 200243 0     0 7 1.99697 27.6702 3.63704 0.318535 1 3 0.5 0.459586 3.57492 0
0 2 0 1489.39 202485 0     0 8 1.96931 20.3157 3.65044 0.53935 1 3 0.5 0.459789 3.57491 0
0 2 0 1495.93 442582 0     0 12 0.629734 0.016108 5.05817 0.629734 1 3 0.5 0.459794 3.57491 0
0 2 0 0 200000 0     0 3 1 0.888249 3.74783 0 1 3 0.5 0.458758 3.57497 0
0 2 0 11003.1 200000 0     0 5 1 1.62398 3.73745 0.111192 1 3 0.5 0.466474 3.57511 0
0 2 0 11582.7 200070 0     0 6 0.999477 2.20071 3.68995 0.148492 1 3 0.5 0.466889 3.57515 0
0 2 0 12326.2 240110 0     0 7 0.749429 11.2676 3.67608 0.476723 1 3 0.5 0.467423 3.57521 0
0 2 0 12457.7 251106 0     0 8 0.694714 25.4459 3.61113 0.512226 1 3 0.5 0.467518 3.57522 0
0 2 0 12462.2 295549 0     0 12 0.515061 0.022521 4.9854 0.515061 1 3 0.5 0.467521 3.57522 0
0 2 0 13500 295549 0     0 12 0.515061 0.0151498 3.95862 0.515061 1 3 0.5 0.468271 3.57531 0
0 2 0 0 200000 0     0 3 1.4 1.37233 3.82523 0 1 3 0.5 0.458758 3.57497 0
0 2 0 3371.53 200000 0     0 5 1.4 2.37381 3.79727 0.150359 1 3 0.5 0.461097 3.57488 0
0 2 0 3502.81 200036 0     0 6 1.39966 3.10401 3.70282 0.169853 1 3 0.5 0.461188 3.57488 0
0 2 0 3731.05 209663 0     0 7 1.31243 12.4704 3.6648 0.475597 1 3 0.5 0.461347 3.57487 0
0 2 0 3862.56 213753 0     0 8 1.27775 24.8471 3.6285 0.516062 1 3 0.5 0.461439 3.57487 0
0 2 0 3867.6 358949 0     0 12 0.558646 0.019688 5.01459 0.558646 1 3 0.5 0.461442 3.57487 0
0 2 0 0 200000 0     0 3 1 0.888249 3.74783 0 1 3 0.5 0.458758 3.57497 0
0 2 0 11003.1 200000 0     0 5 1 1.62398 3.73745 0.111192 1 3 0.5 0.466474 3.57511 0
0 2 0 11582.7 200070 0     0 6 0.999477 2.20071 3.68995 0.148492 1 3 0.5 0.466889 3.57515 0
0 2 0 12326.2 240110 0     0 7 0.749429 11.2676 3.67608 0.476723 1 3 0.5 0.467423 3.57521 0
0 2 0 12457.7 251106 0     0 8 0.694714 25.4459 3.61113 0.512226 1 3 0.5 0.467518 3.57522 0
0 2 0 12462.2 295549 0     0 12 0.515061 0.022521 4.9854 0.515061 1 3 0.5 0.467521 3.57522 0
0 2 0 13500 295549 0     0 12 0.515061 0.0151498 3.95862 0.515061 1 3 0.5 0.468271 3.57531 0
0 2 0 0 200000 0     0 3 1.4 1.37233 3.82523 0 1 3 0.5 0.458758 3.57497 0
0 2 0 3371.53 200000 0     0 5 1.4 2.37381 3.79727 0.150359 1 3 0.5 0.461097 3.57488 0
0 2 0 3502.81 200036 0     0 6 1.39966 3.10401 3.70282 0.169853 1 3 0.5 0.461188 3.57488 0
0 2 0 3731.05 209663 0     0 7 1.31243 12.4704 3.6648 0.475597 1 3 0.5 0.461347 3.57487 0
0 2 0 3862.56 213753 0     0 8 1.27775 24.8471 3.6285 0.516062 1 3 0.5 0.461439 3.57487 0
0 2 0 3867.6 358949 0     0 12 0.558646 0.019688 5.01459 0.558646 1 3 0.5 0.461442 3.57487 0
0 2 0 0 200000 0     0 3 1.2 1.14042 3.78827 0 1 3 0.5 0.458758 3.57497 0
0 2 0 5615.54 200000 0     0 5 1.2 2.00438 3.76623 0.130534 1 3 0.5 0.462664 3.57488 0
0 2 0 5911.26 200053 0     0 6 1.19955 2.58411 3.69777 0.158551 1 3 0.5 0.462871 3.57489 0
0 2 0 6377.62 220854 0     0 7 1.03948 12.3867 3.66188 0.476164 1 3 0.5 0.463198 3.5749 0
0 2 0 6509.12 227227 0     0 8 0.996302 25.2084 3.61978 0.513509 1 3 0.5 0.46329 3.5749 0
0 2 0 6513.84 329311 0     0 12 0.532459 0.0213901 4.99658 0.532459 1 3 0.5 0.463294 3.5749 0
0 2 0 13500 329311 0     0 12 0.532459 0.013132 3.67907 0.532459 1 3 0.5 0.468271 3.57531 0
0 2 0 0 200000 0     0 3 1.4 1.37233 3.82523 0 1 3 0.5 0.458758 3.57497 0
0 2 0 3371.53 200000 0     0 5 1.4 2.37381 3.79727 0.150359 1 3 0.5 0.461097 3.57488 0
0 2 0 3502.81 200036 0     0 6 1.39966 3.10401 3.70282 0.169853 1 3 0.5 0.461188 3.57488 0
0 2 0 3731.05 209663 0     0 7 1.31243 12.4704 3.6648 0.475597 1 3 0.5 0.461347 3.57487 0
0 2 0 3862.56 213753 0     0 8 1.27775 24.8471 3.6285 0.516062 1 3 0.5 0.461439 3.57487 0
0 2 0 3867.6 358949 0     0 12 0.558646 0.019688 5.01459 0.558646 1 3 0.5 0.461442 3.57487 0
0 2 0 0 200000 0     0 3 1.2 1.14042 3.78827 0 1 3 0.5 0.458758 3.57497 0
0 2 0 5615.54 200000 0     0 5 1.2 2.00438 3.76623 0.130534 1 3 0.5 0.462664 3.57488 0
0 2 0 5911.26 200053 0     0 6 1.19955 2.58411 3.69777 0.158551 1 3 0.5 0.462871 3.57489 0
0 2 0 6377.62 220854 0     0 7 1.03948 12.3867 3.66188 0.476164 1 3 0.5 0.463198 3.5749 0
0 2 0 6509.12 227227 0     0 8 0.996302 25.2084 3.61978 0.513509 1 3 0.5 0.46329 3.5749 0
0 2 0 6513.84 329311 0     0 12 0.532459 0.0213901 4.99658 0.532459 1 3 0.5 0.463294 3.5749 0
0 2 0 13500 329311 0     0 12 0.532459 0.013132 3.67907 0.532459 1 3 0.5 0.468271 3.57531 0
0 2 0 0 200000 0     0 3 1.4 1.37233 3.82523 0 1 3 0.5 0.458758 3.57497 0
0 2 0 3371.53 200000 0     0 5 1.4 2.37381 3.79727 0.150359 1 3 0.5 0.461097 3.57488 0
0 2 0 3502.81 200036 0     0 6 1.39966 3.10401 3.70282 0.169853 1 3 0.5 0.461188 3.57488 0
0 2 0 3731.05 209663 0     0 7 1.31243 12.4704 3.6648 0.475597 1 3 0.5 0.461347 3.57487 0
0 2 0 3862.56 213753 0     0 8 1.27775 24.8471 3.6285 0.516062 1 3 0.5 0.461439 3.57487 0
0 2 0 3867.6 358949 0     0 12 0.558646 0.019688 5.01459 0.558646 1 3 0.5 0.461442 3.57487 0
0 2 0 0 200000 0     0 3 1.4 1.37233 3.82523 0 1 3 0.5 0.458758 3.57497 0
0 2 0 3371.53 200000 0     0 5 1.4 2.37381 3.79727 0.150359 1 3 0.5 0.461097 3.57488 0
0 2 0 3502.81 200036 0     0 6 1.39966 3.10401 3.70282 0.169853 1 3 0.5 0.461188 3.57488 0
0 2 0 3731.05 209663 0     0 7 1.31243 12.4704 3.6648 0.475597 1 3 0.5 0.461347 3.57487 0
0 2 0 3862.56 213753 0     0 8 1.27775 24.8471 3.6285 0.516062 1 3 0.5 0.461439 3.57487 0
0 2 0 3867.6 358949 0     0 12 0.558646 0.019688 5.01459 0.558646 1 3 0.5 0.461442 3.57487 0
0 2 0 13500 358949 0     0 12 0.558646 0.0129036 3.60283 0.558646 1 3 0.5 0.468271 3.57531 0
0 2 0 0 200000 0     0 3 2 1.61021 3.95802 0 1 3 0.5 0.458758 3.57497 0
0 2 0 1164.16 200000 0     0 5 2 3.56569 3.87881 0.202998 1 3 0.5 0.459564 3.57492 0
0 2 0 1173.58 200009 0     0 6 1.99988 5.84004 3.70436 0.211209 1 3 0.5 0.45957 3.57492 0
0 2 0 1196.51 200243 0     0 7 1.99697 27.6702 3.63704 0.318535 1 3 0.5 0.459586 3.57492 0
0 2 0 1489.39 202485 0     0 8 1.96931 20.3157 3.65044 0.53935 1 3 0.5 0.459789 3.57491 0
0 2 0 1495.93 442582 0     0 12 0.629734 0.016108 5.05817 0.629734 1 3 0.5 0.459794 3.57491 0
0 2 0 13500 442582 0     0 12 0.629734 0.0123319 3.5299 0.629734 1 3 0.5 0.468271 3.57531 0
0 2 0 0 200000 0     0 3 2 1.61021 3.95802 0 1 3 0.5 0.458758 3.57497 0
0 2 0 1164.16 200000 0     0 5 2 3.56569 3.87881 0.202998 1 3 0.5 0.459564 3.57492 0
0 2 0 1173.58 200009 0     0 6 1.99988 5.84004 3.70436 0.211209 1 3 0.5 0.45957 3.57492 0
0 2 0 1196.51 200243 0     0 7 1.99697 27.6702 3.63704 0.318535 1 3 0.5 0.459586 3.57492 0
0 2 0 1489.39 202485 0     0 8 1.96931 20.3157 3.65044 0.53935 1 3 0.5 0.459789 3.57491 0
0 2 0 1495.93 442582 0     0 12 0.629734 0.016108 5.05817 0.629734 1 3 0.5 0.459794 3.57491 0
0 2 0 0 200000 0     0 3 2 1.61021 3.95802 0 1 3 0.5 0.458758 3.57497 0
0 2 0 1164.16 200000 0     0 5 2 3.56569 3.87881 0.202998 1 3 0.5 0.459564 3.57492 0
0 2 0 1173.58 200009 0     0 6 1.99988 5.84004 3.70436 0.211209 1 3 0.5 0.45957 3.57492 0
0 2 0 1196.51 200243 0     0 7 1.99697 27.6702 3.63704 0.318535 1 3 0.5 0.459586 3.57492 0
0 2 0 1489.39 202485 0     0 8 1.96931 20.3157 3.65044 0.53935 1 3 0.5 0.459789 3.57491 0
0 2 0 1495.93 442582 0     0 12 0.629734 0.016108 5.05817 0.629734 1 3 0.5 0.459794 3.57491 0
0 2 0 0 200000 0     0 3 2 1.61021 3.95802 0 1 3 0.5 0.458758 3.57497 0
0 2 0 1164.16 200000 0     0 5 2 3.56569 3.87881 0.202998 1 3 0.5 0.459564 3.57492 0
0 2 0 1173.58 200009 0     0 6 1.99988 5.84004 3.70436 0.211209 1 3 0.5 0.45957 3.57492 0
0 2 0 1196.51 200243 0     0 7 1.99697 27.6702 3.63704 0.318535 1 3 0.5 0.459586 3.57492 0
0 2 0 1489.39 202485 0     0 8 1.96931 20.3157 3.65044 0.53935 1 3 0.5 0.459789 3.57491 0
0 2 0 1495.93 442582 0     0 12 0.629734 0.016108 5.05817 0.629734 1 3 0.5 0.459794 3.57491 0
0 2 0 0 200000 0     0 3 2 1.61021 3.95802 0 1 3 0.5 0.458758 3.57497 0
0 2 0 1164.16 200000 0     0 5 2 3.56569 3.87881 0.202998 1 3 0.5 0.459564 3.57492 0
0 2 0 1173.58 200009 0     0 6 1.99988 5.84004 3.70436 0.211209 1 3 0.5 0.45957 3.57492 0
0 2 0 1196.51 200243 0     0 7 1.99697 27.6702 3.63704 0.318535 1 3 0.5 0.459586 3.57492 0
0 2 0 1489.39 202485 0     0 8 1.96931 20.3157 3.65044 0.53935 1 3 0.5 0.459789 3.57491 0
0 2 0 1495.93 442582 0     0 12 0.629734 0.016108 5.05817 0.629734 1 3 0.5 0.459794 3.57491 0
0 2 0 0 200000 0     0 3 2 1.61021 3.95802 0 1 3 0.5 0.458758 3.57497 0
0 2 0 1164.16 200000 0     0 5 2 3.56569 3.87881 0.202998 1 3 0.5 0.459564 3.57492 0
0 2 0 1173.58 200009 0     0 6 1.99988 5.84004 3.70436 0.211209 1 3 0.5 0.45957 3.57492 0
0 2 0 1196.51 200243 0     0 7 1.99697 27.6702 3.63704 0.318535 1 3 0.5 0.459586 3.57492 0
0 2 0 1489.39 202485 0     0 8 1.96931 20.3157 3.65044 0.53935 1 3 0.5 0.459789 3.57491 0
0 2 0 1495.93 442582 0     0 12 0.629734 0.016108 5.05817 0.629734 1 3 0.5 0.459794 3.57491 0
0 2 0 13500 442582 0     0 12 0.629734 0.0123319 3.5299 0.629734 1 3 0.5 0.468271 3.57531 0
0 2 0 0 200000 0     0 3 1.4 1.37233 3.82523 0 1 3 0.5 0.458758 3.57497 0
0 2 0 3371.53 200000 0     0 5 1.4 2.37381 3.79727 0.150359 1 3 0.5 0.461097 3.57488 0
0 2 0 3502.81 200036 0     0 6 1.39966 3.10401 3.70282 0.169853 1 3 0.5 0.461188 3.57488 0
0 2 0 3731.05 209663 0     0 7 1.31243 12.4704 3.6648 0.475597 1 3 0.5 0.461347 3.57487 0
0 2 0 3862.56 213753 0     0 8 1.27775 24.8471 3.6285 0.516062 1 3 0.5 0.461439 3.57487 0
0 2 0 3867.6 358949 0     0 12 0.558646 0.019688 5.01459 0.558646 1 3 0.5 0.461442 3.57487 0
0 2 0 13500 358949 0     0 12 0.558646 0.0129036 3.60283 0.558646 1 3 0.5 0.468271 3.57531 0
0 2 0 0 200000 0     0 3 0.5 0.458758 3.57497 0 1 3 0.1 0.130456 3.44881 0
0 2 0 13500 200000 0     0 3 0.5 0.468271 3.57531 0 1 3 0.1 0.13055 3.44879 0
0 2 0 0 200000 0     0 3 0.5 0.458758 3.57497 0 1 3 0.5 0.458758 3.57497 0
0 2 0 13500 200000 0     0 3 0.5 0.468271 3.57531 0 1 3 0.5 0.468271 3.57531 0
0 2 0 0 200000 0     0 3 0.5 0.458758 3.57497 0 1 3 0.5 0.458758 3.57497 0
0 2 0 13500 200000 0     0 3 0.5 0.468271 3.57531 0 1 3 0.5 0.468271 3.57531 0
0 2 0 0 200000 0     0 3 1 0.888249 3.74783 0 1 3 0.5 0.458758 3.57497 0
0 2 0 11003.1 200000 0     0 5 1 1.62398 3.73745 0.111192 1 3 0.5 0.466474 3.57511 0
0 2 0 11582.7 200070 0     0 6 0.999477 2.20071 3.68995 0.148492 1 3 0.5 0.466889 3.57515 0
0 2 0 12326.2 240110 0     0 7 0.749429 11.2676 3.67608 0.476723 1 3 0.5 0.467423 3.57521 0
0 2 0 12457.7 251106 0     0 8 0.694714 25.4459 3.61113 0.512226 1 3 0.5 0.467518 3.57522 0
0 2 0 12462.2 295549 0     0 12 0.515061 0.022521 4.9854 0.515061 1 3 0.5 0.467521 3.57522 0
0 2 0 13500 295549 0     0 12 0.515061 0.0151498 3.95862 0.515061 1 3 0.5 0.468271 3.57531 0
0 2 0 0 200000 0     0 3 1 0.888249 3.74783 0 1 3 0.5 0.458758 3.57497 0
0 2 0 11003.1 200000 0     0 5 1 1.62398 3.73745 0.111192 1 3 0.5 0.466474 3.57511 0
0 2 0 11582.7 200070 0     0 6 0.999477 2.20071 3.68995 0.148492 1 3 0.5 0.466889 3.57515 0
0 2 0 12326.2 240110 0     0 7 0.749429 11.2676 3.67608 0.476723 1 3 0.5 0.467423 3.57521 0
0 2 0 12457.7 251106 0     0 8 0.694714 25.4459 3.61113 0.512226 1 3 0.5 0.467518 3.57522 0
0 2 0 12462.2 295549 0     0 12 0.515061 0.022521 4.9854 0.515061 1 3 0.5 0.467521 3.57522 0
0 2 0 13500 295549 0     0 12 0.515061 0.0151498 3.95862 0.515061 1 3 0.5 0.468271 3.57531 0
0 2 0 0 200000 0     0 3 1.4 1.37233 3.82523 0 1 3 0.5 0.458758 3.57497 0
0 2 0 3371.53 200000 0     0 5 1.4 2.37381 3.79727 0.150359 1 3 0.5 0.461097 3.57488 0
0 2 0 3502.81 200036 0     0 6 1.39966 3.10401 3.70282 0.169853 1 3 0.5 0.461188 3.57488 0
0 2 0 3731.05 209663 0     0 7 1.31243 12.4704 3.6648 0.475597 1 3 0.5 0.461347 3.57487 0
0 2 0 3862.56 213753 0     0 8 1.27775 24.8471 3.6285 0.516062 1 3 0.5 0.461439 3.57487 0
0 2 0 3867.6 358949 0     0 12 0.558646 0.019688 5.01459 0.558646 1 3 0.5 0.461442 3.57487 0
0 2 0 13500 358949 0     0 12 0.558646 0.0129036 3.60283 0.558646 1 3 0.5 0.468271 3.57531 0
0 2 0 0 200000 0     0 3 1.4 1.37233 3.82523 0 1 3 0.5 0.458758 3.57497 0
0 2 0 3371.53 200000 0     0 5 1.4 2.37381 3.79727 0.150359 1 3 0.5 0.461097 3.57488 0
0 2 0 0 200000 0     0 3 1 0.888249 3.74783 0 1 3 0.5 0.458758 3.57497 0
0 2 0 11003.1 200000 0     0 5 1 1.62398 3.73745 0.111192 1 3 0.5 0.466474 3.57511 0
0 2 0 0 200000 0     0 3 1 0.888249 3.74783 0 1 3 0.5 0.458758 3.57497 0
0 2 0 11003.1 200000 0     0 5 1 1.62398 3.73745 0.111192 1 3 0.5 0.466474 3.57511 0
0 2 0 0 200000 0     0 3 1 0.888249 3.74783 0 1 3 0.5 0.458758 3.57497 0
0 2 0 11003.1 200000 0     0 5 1 1.62398 3.73745 0.111192 1 3 0.5 0.466474 3.57511 0
0 2 0 11582.7 200070 0     0 6 0.999477 2.20071 3.68995 0.148492 1 3 0.5 0.466889 3.57515 0
0 2 0 12326.2 240110 0     0 7 0.749429 11.2676 3.67608 0.476723 1 3 0.5 0.467423 3.57521 0
0 2 0 12457.7 251106 0     0 8 0.694714 25.4459 3.61113 0.512226 1 3 0.5 0.467518 3.57522 0
0 2 0 12462.2 295549 0     0 12 0.515061 0.022521 4.9854 0.515061 1 3 0.5 0.467521 3.57522 0
0 2 0 13500 295549 0     0 12 0.515061 0.0151498 3.95862 0.515061 1 3 0.5 0.468271 3.57531 0
0 2 0 0 200000 0     0 3 1.4 1.37233 3.82523 0 1 3 0.5 0.458758 3.57497 0
0 2 0 3371.53 200000 0     0 5 1.4 2.37381 3.79727 0.150359 1 3 0.5 0.461097 3.57488 0
0 2 0 3502.81 200036 0     0 6 1.39966 3.10401 3.70282 0.169853 1 3 0.5 0.461188 3.57488 0
0 2 0 3731.05 209663 0     0 7 1.31243 12.4704 3.6648 0.475597 1 3 0.5 0.461347 3.57487 0
0 2 0 3862.56 213753 0     0 8 1.27775 24.8471 3.6285 0.516062 1 3 0.5 0.461439 3.57487 0
0 2 0 3867.6 358949 0     0 12 0.558646 0.019688 5.01459 0.558646 1 3 0.5 0.461442 3.57487 0
0 2 0 13500 358949 0     0 12 0.558646 0.0129036 3.60283 0.558646 1 3 0.5 0.468271 3.57531 0
0 2 0 0 200000 0     0 3 2.4 1.75679 4.01965 0 1 3 0.5 0.458758 3.57497 0
0 2 0 693.651 200000 0     0 5 2.4 4.03682 3.93717 0.295551 1 3 0.5 0.459238 3.57494 0
0 2 0 698.536 200010 0     0 6 2.39986 8.73724 3.69846 0.303831 1 3 0.5 0.459241 3.57494 0
0 2 0 704.931 200112 0     0 7 2.39838 33.669 3.6342 0.360164 1 3 0.5 0.459246 3.57494 0
0 2 0 892.173 201770 0     0 8 2.37456 23.1107 3.65418 0.576399 1 3 0.5 0.459375 3.57493 0
0 2 0 898.016 500866 0     0 12 0.657994 0.0152602 5.06991 0.657994 1 3 0.5 0.459379 3.57493 0
0 2 0 13500 500866 0     0 12 0.657994 0.0117542 3.53292 0.657994 1 3 0.5 0.468271 3.57531 0
0 2 0 0 200000 0     0 3 3.4 2.12085 4.12541 0 1 3 0.5 0.458758 3.57497 0
0 2 0 271.499 200000 0     0 5 3.4 4.94331 4.04705 0.497306 1 3 0.5 0.458946 3.57496 0
0 2 0 272.975 200012 0     0 6 3.39977 19.524 3.68235 0.507868 1 3 0.5 0.458947 3.57496 0
0 2 0 274.366 200081 0     0 7 3.39842 57.2294 3.62273 0.523025 1 3 0.5 0.458948 3.57496 0
0 2 0 332.504 201510 0     0 8 3.37077 37.8996 3.64918 0.756011 1 3 0.5 0.458988 3.57496 0
0 2 0 335.6 604885 0     0 12 0.789502 0.011315 5.13486 0.789502 1 3 0.5 0.45899 3.57496 0
0 2 0 13500 604885 0     0 12 0.789502 0.00914713 3.58074 0.789502 1 3 0.5 0.468271 3.57531 0
0 2 0 0 200000 0     0 3 8.4 3.55692 4.36032 0 1 3 0.5 0.458758 3.57497 0
0 2 0 33.7688 200670 0     0 5 8.3703 8.37178 4.29634 1.69293 1 3 0.5 0.458781 3.57497 0
0 2 0 33.867 200702 0     0 6 8.36887 138.81 3.62298 1.7265 1 3 0.5 0.458781 3.57497 0
0 2 0 33.8892 200748 0     0 7 8.36684 294.431 3.5727 1.7269 1 3 0.5 0.458781 3.57497 0
0 2 0 37.8713 204702 0     0 8 8.19559 268.49 3.5818 2.30936 1 3 0.5 0.458784 3.57497 0
0 8 0 38.0133 0 1     0 18 1.20186 2.04326e-05 6.91561 1.20186 1 3 0.5 0.458784 3.57497 0
0 8 0 13500 0 1     0 18 1.20186 2.04326e-05 4.91561 1.20186 1 3 0.5 0.468271 3.57531 0
0 2 0 0 200000 0     0 3 8.4 3.55692 4.36032 0 1 3 0.5 0.458758 3.57497 0
0 2 0 33.7688 200670 0     0 5 8.3703 8.37178 4.29634 1.69293 1 3 0.5 0.458781 3.57497 0
0 2 0 33.867 200702 0     0 6 8.36887 138.81 3.62298 1.7265 1 3 0.5 0.458781 3.57497 0
0 2 0 33.8892 200748 0     0 7 8.36684 294.431 3.5727 1.7269 1 3 0.5 0.458781 3.57497 0
0 2 0 37.8713 204702 0     0 8 8.19559 268.49 3.5818 2.30936 1 3 0.5 0.458784 3.57497 0
0 8 0 38.0133 0 1     0 18 1.20186 2.04326e-05 6.91561 1.20186 1 3 0.5 0.458784 3.57497 0
0 8 0 13500 0 1     0 18 1.20186 2.04326e-05 4.91561 1.20186 1 3 0.5 0.468271 3.57531 0
0 2 0 0 200000 0     0 3 2.4 1.75679 4.01965 0 1 3 0.5 0.458758 3.57497 0
0 2 0 693.651 200000 0     0 5 2.4 4.03682 3.93717 0.295551 1 3 0.5 0.459238 3.57494 0
0 2 0 698.536 200010 0     0 6 2.39986 8.73724 3.69846 0.303831 1 3 0.5 0.459241 3.57494 0
0 2 0 704.931 200112 0     0 7 2.39838 33.669 3.6342 0.360164 1 3 0.5 0.459246 3.57494 0
0 2 0 892.173 201770 0     0 8 2.37456 23.1107 3.65418 0.576399 1 3 0.5 0.459375 3.57493 0
0 2 0 898.016 500866 0     0 12 0.657994 0.0152602 5.06991 0.657994 1 3 0.5 0.459379 3.57493 0
0 2 0 13500 500866 0     0 12 0.657994 0.0117542 3.53292 0.657994 1 3 0.5 0.468271 3.57531 0
0 2 0 0 200000 0     0 3 1.4 1.37233 3.82523 0 1 3 0.5 0.458758 3.57497 0
0 2 0 3371.53 200000 0     0 5 1.4 2.37381 3.79727 0.150359 1 3 0.5 0.461097 3.57488 0
0 2 0 3502.81 200036 0     0 6 1.39966 3.10401 3.70282 0.169853 1 3 0.5 0.461188 3.57488 0
0 2 0 3731.05 209663 0     0 7 1.31243 12.4704 3.6648 0.475597 1 3 0.5 0.461347 3.57487 0
0 2 0 3862.56 213753 0     0 8 1.27775 24.8471 3.6285 0.516062 1 3 0.5 0.461439 3.57487 0
0 2 0 3867.6 358949 0     0 12 0.558646 0.019688 5.01459 0.558646 1 3 0.5 0.461442 3.57487 0
0 2 0 13500 358949 0     0 12 0.558646 0.0129036 3.60283 0.558646 1 3 0.5 0.468271 3.57531 0
0 2 0 0 200000 0     0 3 0.5 0.458758 3.57497 0 1 3 0.4 0.373726 3.5635 0
0 2 0 13500 200000 0     0 3 0.5 0.468271 3.57531 0 1 3 0.4 0.378218 3.56334 0
0 2 0 0 200000 0     0 3 0.5 0.458758 3.57497 0 1 2 0.02 0.108619 3.86495 0.0002
0 2 0 13500 200000 0     0 3 0.5 0.468271 3.57531 0 1 2 0.02 0.108619 2.52259 0.0002
0 2 0 0 200000 0     0 3 2.4 1.75679 4.01965 0 1 3 0.5 0.458758 3.57497 0
0 2 0 693.651 200000 0     0 5 2.4 4.03682 3.93717 0.295551 1 3 0.5 0.459238 3.57494 0
0 2 0 698.536 200010 0     0 6 2.39986 8.73724 3.69846 0.303831 1 3 0.5 0.459241 3.57494 0
0 2 0 704.931 200112 0     0 7 2.39838 33.669 3.6342 0.360164 1 3 0.5 0.459246 3.57494 0
0 2 0 892.173 201770 0     0 8 2.37456 23.1107 3.65418 0.576399 1 3 0.5 0.459375 3.57493 0
0 2 0 898.016 500866 0     0 12 0.657994 0.0152602 5.06991 0.657994 1 3 0.5 0.459379 3.57493 0
0 2 0 13500 500866 0     0 12 0.657994 0.0117542 3.53292 0.657994 1 3 0.5 0.468271 3.57531 0
0 2 0 0 200000 0     0 3 0.5 0.458758 3.57497 0 1 2 0.05 0.104435 4.13612 0.0005
0 2 0 13500 200000 0     0 3 0.5 0.468271 3.57531 0 1 2 0.05 0.104435 2.79377 0.0005
0 2 0 0 200000 0     0 2 0.05 0.104435 4.13612 0.0005 1 1 0.005 0.11528 3.45467 5e-05
0 2 0 13500 200000 0     0 2 0.05 0.104435 2.79377 0.0005 1 1 0.005 0.11528 2.11231 5e-05
0 2 0 0 200000 0     0 2 0.05 0.104435 4.13612 0.0005 1 1 0.005 0.11528 3.45467 5e-05
0 2 0 13500 200000 0     0 2 0.05 0.104435 2.79377 0.0005 1 1 0.005 0.11528 2.11231 5e-05
0 2 0 0 200000 0     0 3 2.4 1.75679 4.01965 0 1 3 0.5 0.458758 3.57497 0
0 2 0 693.651 200000 0     0 5 2.4 4.03682 3.93717 0.295551 1 3 0.5 0.459238 3.57494 0
0 2 0 698.536 200010 0     0 6 2.39986 8.73724 3.69846 0.303831 1 3 0.5 0.459241 3.57494 0
0 2 0 704.931 200112 0     0 7 2.39838 33.669 3.6342 0.360164 1 3 0.5 0.459246 3.57494 0
0 2 0 892.173 201770 0     0 8 2.37456 23.1107 3.65418 0.576399 1 3 0.5 0.459375 3.57493 0
0 2 0 898.016 500866 0     0 12 0.657994 0.0152602 5.06991 0.657994 1 3 0.5 0.459379 3.57493 0
0 2 0 13500 500866 0     0 12 0.657994 0.0117542 3.53292 0.657994 1 3 0.5 0.468271 3.57531 0
0 2 0 0 200000 0     0 3 1.4 1.37233 3.82523 0 1 3 0.5 0.458758 3.57497 0
0 2 0 3371.53 200000 0     0 5 1.4 2.37381 3.79727 0.150359 1 3 0.5 0.461097 3.57488 0
0 2 0 3502.81 200036 0     0 6 1.39966 3.10401 3.70282 0.169853 1 3 0.5 0.461188 3.57488 0
0 2 0 3731.05 209663 0     0 7 1.31243 12.4704 3.6648 0.475597 1 3 0.5 0.461347 3.57487 0
0 2 0 3862.56 213753 0     0 8 1.27775 24.8471 3.6285 0.516062 1 3 0.5 0.461439 3.57487 0
0 2 0 3867.6 358949 0     0 12 0.558646 0.019688 5.01459 0.558646 1 3 0.5 0.461442 3.57487 0
0 2 0 13500 358949 0     0 12 0.558646 0.0129036 3.60283 0.558646 1 3 0.5 0.468271 3.57531 0
0 2 0 0 200000 0     0 3 1.4 1.37233 3.82523 0 1 3 0.5 0.458758 3.57497 0
0 2 0 3371.53 200000 0     0 5 1.4 2.37381 3.79727 0.150359 1 3 0.5 0.461097 3.57488 0
0 2 0 3502.81 200036 0     0 6 1.39966 3.10401 3.70282 0.169853 1 3 0.5 0.461188 3.57488 0
0 2 0 3731.05 209663 0     0 7 1.31243 12.4704 3.6648 0.475597 1 3 0.5 0.461347 3.57487 0
0 2 0 3862.56 213753 0     0 8 1.27775 24.8471 3.6285 0.516062 1 3 0.5 0.461439 3.57487 0
0 2 0 3867.6 358949 0     0 12 0.558646 0.019688 5.01459 0.558646 1 3 0.5 0.461442 3.57487 0
0 2 0 13500 358949 0     0 12 0.558646 0.0129036 3.60283 0.558646 1 3 0.5 0.468271 3.57531 0
0 2 0 0 200000 0     0 3 1.4 1.37233 3.82523 0 1 3 0.5 0.458758 3.57497 0
0 2 0 3371.53 200000 0     0 5 1.4 2.37381 3.79727 0.150359 1 3 0.5 0.461097 3.57488 0
0 2 0 3502.81 200036 0     0 6 1.39966 3.10401 3.70282 0.169853 1 3 0.5 0.461188 3.57488 0
0 2 0 3731.05 209663 0     0 7 1.31243 12.4704 3.6648 0.475597 1 3 0.5 0.461347 3.57487 0
0 2 0 3862.56 213753 0     0 8 1.27775 24.8471 3.6285 0.516062 1 3 0.5 0.461439 3.57487 0
0 2 0 3867.6 358949 0     0 12 0.558646 0.019688 5.01459 0.558646 1 3 0.5 0.461442 3.57487 0
0 2 0 13500 358949 0     0 12 0.558646 0.0129036 3.60283 0.558646 1 3 0.5 0.468271 3.57531 0
0 2 0 0 200000 0     0 3 7.4 3.30304 4.33054 0 1 3 0.5 0.458758 3.57497 0
0 2 0 43.5421 200214 0     0 5 7.39157 7.74254 4.26656 1.43112 1 3 0.5 0.458788 3.57497 0
0 2 0 43.6792 200233 0     0 6 7.39082 108.245 3.63156 1.45961 1 3 0.5 0.458788 3.57497 0
0 2 0 43.7197 200279 0     0 7 7.389 237.539 3.57974 1.46028 1 3 0.5 0.458788 3.57497 0
0 2 0 49.011 203313 0     0 8 7.27127 207.015 3.59071 1.96485 1 3 0.5 0.458792 3.57497 0
0 2 0 49.7183 857116 0     0 14 1.34339 0.00213007 5.49749 1.34339 1 3 0.5 0.458792 3.57497 0
0 2 0 13500 857116 0     0 14 1.34339 0.00213007 3.89392 1.34339 1 3 0.5 0.468271 3.57531 0
0 2 0 0 200000 0     0 3 7.4 3.30304 4.33054 0 1 3 0.5 0.458758 3.57497 0
0 2 0 43.5421 200214 0     0 5 7.39157 7.74254 4.26656 1.43112 1 3 0.5 0.458788 3.57497 0
0 2 0 43.6792 200233 0     0 6 7.39082 108.245 3.63156 1.45961 1 3 0.5 0.458788 3.57497 0
0 2 0 43.7197 200279 0     0 7 7.389 237.539 3.57974 1.46028 1 3 0.5 0.458788 3.57497 0
0 2 0 49.011 203313 0     0 8 7.27127 207.015 3.59071 1.96485 1 3 0.5 0.458792 3.57497 0
0 2 0 49.7183 857116 0     0 14 1.34339 0.00213007 5.49749 1.34339 1 3 0.5 0.458792 3.57497 0
0 2 0 13500 857116 0     0 14 1.34339 0.00213007 3.89392 1.34339 1 3 0.5 0.468271 3.57531 0
0 2 0 0 200000 0     0 3 7.4 3.30304 4.33054 0 1 3 0.5 0.458758 3.57497 0
0 2 0 43.5421 200214 0     0 5 7.39157 7.74254 4.26656 1.43112 1 3 0.5 0.458788 3.57497 0
0 2 0 43.6792 200233 0     0 6 7.39082 108.245 3.63156 1.45961 1 3 0.5 0.458788 3.57497 0
0 2 0 43.7197 200279 0     0 7 7.389 237.539 3.57974 1.46028 1 3 0.5 0.458788 3.57497 0
0 2 0 49.011 203313 0     0 8 7.27127 207.015 3.59071 1.96485 1 3 0.5 0.458792 3.57497 0
0 2 0 49.7183 857116 0     0 14 1.34339 0.00213007 5.49749 1.34339 1 3 0.5 0.458792 3.57497 0
0 2 0 13500 857116 0     0 14 1.34339 0.00213007 3.89392 1.34339 1 3 0.5 0.468271 3.57531 0
